200
1 1
2 20
3 19
4 18
5 17
6 16
7 15
8 14
9 13
10 12
11 11
12 10
13 9
14 8
15 7
16 6
17 5
18 4
19 3
20 2
1 2
2 1
3 20
4 19
5 18
6 17
7 16
8 15
9 14
10 13
11 12
12 11
13 10
14 9
15 8
16 7
17 6
18 5
19 4
20 3
1 3
2 2
3 1
4 20
5 19
6 18
7 17
8 16
9 15
10 14
11 13
12 12
13 11
14 10
15 9
16 8
17 7
18 6
19 5
20 4
1 4
2 3
3 2
4 1
5 20
6 19
7 18
8 17
9 16
10 15
11 14
12 13
13 12
14 11
15 10
16 9
17 8
18 7
19 6
20 5
1 5
2 4
3 3
4 2
5 1
6 20
7 19
8 18
9 17
10 16
11 15
12 14
13 13
14 12
15 11
16 10
17 9
18 8
19 7
20 6
1 7
2 6
3 5
4 4
5 3
6 2
7 1
8 20
9 19
10 18
11 17
12 16
13 15
14 14
15 13
16 12
17 11
18 10
19 9
20 8
1 8
2 7
3 6
4 5
5 4
6 3
7 2
8 1
9 20
10 19
11 18
12 17
13 16
14 15
15 14
16 13
17 12
18 11
19 10
20 9
1 9
2 8
3 7
4 6
5 5
6 4
7 3
8 2
9 1
10 20
11 19
12 18
13 17
14 16
15 15
16 14
17 13
18 12
19 11
20 10
1 10
2 9
3 8
4 7
5 6
6 5
7 4
8 3
9 2
10 1
11 20
12 19
13 18
14 17
15 16
16 15
17 14
18 13
19 12
20 11
1 11
2 10
3 9
4 8
5 7
6 6
7 5
8 4
9 3
10 2
11 1
12 20
13 19
14 18
15 17
16 16
17 15
18 14
19 13
20 12
