100
366058993086
384004290390
567433276418
95693006067
944400278022
364265647954
336257214477
120313799106
43148088052
410560413743
363068026883
225750025307
894204028419
806144673269
650963731049
10490861737
369925954753
246348276948
178497432628
143228558925
164514456216
111461681171
2308551570
476527264145
963077180550
115436626242
925832192285
701040553605
910544115443
883931864949
145333728703
741772955902
499797430394
282047802933
975377752682
378913841670
368919468998
799420130571
205774821259
535155526717
995746719976
510408823193
703373127619
802740058945
726837345566
14790663553
426944942261
922993094006
911204860271
325427785248
251098232536
727257564354
244551565947
748352947788
997919218544
879191166919
141135364942
85997403263
507874664027
864884624712
878665910569
766546792729
440439810126
429740129807
151709416137
943171917478
361180419135
415573326476
836183045941
667250289909
796137775753
403090047058
177300613318
457632652794
918108749913
112143004960
287128025973
804440276040
618752450191
605218962960
584157187637
75083705741
974008393988
854553930997
397269038938
297634978327
370976475648
518836374721
906145830080
414654946075
939145998561
256271625289
839456802681
947445634356
679500119831
658626431004
386357579028
823795164421
930494236605
962384075238
