1
1
3
3
5
5
7
7
9
9
11
11
13
13
15
15
17
17
19
19
21
21
23
23
25
25
27
27
29
29
31
31
33
33
35
35
37
37
39
39
41
41
43
43
45
45
47
47
49
49
51
51
53
53
55
55
57
57
59
59
61
61
63
63
65
65
67
67
69
69
71
71
73
73
75
75
77
77
79
79
81
81
83
83
85
85
87
87
89
89
91
91
93
93
95
95
97
97
99
99
101
101
103
103
105
105
107
107
109
109
111
111
113
113
115
115
117
117
119
119
121
121
123
123
125
125
127
127
129
129
131
131
133
133
135
135
137
137
139
139
141
141
143
143
145
145
147
147
149
149
151
151
153
153
155
155
157
157
159
159
161
161
163
163
165
165
167
167
169
169
171
171
173
173
175
175
177
177
179
179
181
181
183
183
185
185
187
187
189
189
191
191
193
193
195
195
197
197
199
199
201
201
203
203
205
205
207
207
209
209
211
211
213
213
215
215
217
217
219
219
221
221
223
223
225
225
227
227
229
229
231
231
233
233
235
235
237
237
239
239
241
241
243
243
245
245
247
247
249
249
251
251
253
253
255
255
257
257
259
259
261
261
263
263
265
265
267
267
269
269
271
271
273
273
275
275
277
277
279
279
281
281
283
283
285
285
287
287
289
289
291
291
293
293
295
295
297
297
299
299
301
301
303
303
305
305
307
307
309
309
311
311
313
313
315
315
317
317
319
319
321
321
323
323
325
325
327
327
329
329
331
331
333
333
335
335
337
337
339
339
341
341
343
343
345
345
347
347
349
349
351
351
353
353
355
355
357
357
359
359
361
361
363
363
365
365
367
367
369
369
371
371
373
373
375
375
377
377
379
379
381
381
383
383
385
385
387
387
389
389
391
391
393
393
395
395
397
397
399
399
401
401
403
403
405
405
407
407
409
409
411
411
413
413
415
415
417
417
419
419
421
421
423
423
425
425
427
427
429
429
431
431
433
433
435
435
437
437
439
439
441
441
443
443
445
445
447
447
449
449
451
451
453
453
455
455
457
457
459
459
461
461
463
463
465
465
467
467
469
469
471
471
473
473
475
475
477
477
479
479
481
481
483
483
485
485
487
487
489
489
491
491
493
493
495
495
497
497
499
499
501
501
503
503
505
505
507
507
509
509
511
511
513
513
515
515
517
517
519
519
521
521
523
523
525
525
527
527
529
529
531
531
533
533
535
535
537
537
539
539
541
541
543
543
545
545
547
547
549
549
551
551
553
553
555
555
557
557
559
559
561
561
563
563
565
565
567
567
569
569
571
571
573
573
575
575
577
577
579
579
581
581
583
583
585
585
587
587
589
589
591
591
593
593
595
595
597
597
599
599
601
601
603
603
605
605
607
607
609
609
611
611
613
613
615
615
617
617
619
619
621
621
623
623
625
625
627
627
629
629
631
631
633
633
635
635
637
637
639
639
641
641
643
643
645
645
647
647
649
649
651
651
653
653
655
655
657
657
659
659
661
661
663
663
665
665
667
667
669
669
671
671
673
673
675
675
677
677
679
679
681
681
683
683
685
685
687
687
689
689
691
691
693
693
695
695
697
697
699
699
701
701
703
703
705
705
707
707
709
709
711
711
713
713
715
715
717
717
719
719
721
721
723
723
725
725
727
727
729
729
731
731
733
733
735
735
737
737
739
739
741
741
743
743
745
745
747
747
749
749
751
751
753
753
755
755
757
757
759
759
761
761
763
763
765
765
767
767
769
769
771
771
773
773
775
775
777
777
779
779
781
781
783
783
785
785
787
787
789
789
791
791
793
793
795
795
797
797
799
799
801
801
803
803
805
805
807
807
809
809
811
811
813
813
815
815
817
817
819
819
821
821
823
823
825
825
827
827
829
829
831
831
833
833
835
835
837
837
839
839
841
841
843
843
845
845
847
847
849
849
851
851
853
853
855
855
857
857
859
859
861
861
863
863
865
865
867
867
869
869
871
871
873
873
875
875
877
877
879
879
881
881
883
883
885
885
887
887
889
889
891
891
893
893
895
895
897
897
899
899
901
901
903
903
905
905
907
907
909
909
911
911
913
913
915
915
917
917
919
919
921
921
923
923
925
925
927
927
929
929
931
931
933
933
935
935
937
937
939
939
941
941
943
943
945
945
947
947
949
949
951
951
953
953
955
955
957
957
959
959
961
961
963
963
965
965
967
967
969
969
971
971
973
973
975
975
977
977
979
979
981
981
983
983
985
985
987
987
989
989
991
991
993
993
995
995
997
997
999
999
1001
1001
1003
1003
1005
1005
1007
1007
1009
1009
1011
1011
1013
1013
1015
1015
1017
1017
1019
1019
1021
1021
1023
1023
1025
1025
1027
1027
1029
1029
1031
1031
1033
1033
1035
1035
1037
1037
1039
1039
1041
1041
1043
1043
1045
1045
1047
1047
1049
1049
1051
1051
1053
1053
1055
1055
1057
1057
1059
1059
1061
1061
1063
1063
1065
1065
1067
1067
1069
1069
1071
1071
1073
1073
1075
1075
1077
1077
1079
1079
1081
1081
1083
1083
1085
1085
1087
1087
1089
1089
1091
1091
1093
1093
1095
1095
1097
1097
1099
1099
1101
1101
1103
1103
1105
1105
1107
1107
1109
1109
1111
1111
1113
1113
1115
1115
1117
1117
1119
1119
1121
1121
1123
1123
1125
1125
1127
1127
1129
1129
1131
1131
1133
1133
1135
1135
1137
1137
1139
1139
1141
1141
1143
1143
1145
1145
1147
1147
1149
1149
1151
1151
1153
1153
1155
1155
1157
1157
1159
1159
1161
1161
1163
1163
1165
1165
1167
1167
1169
1169
1171
1171
1173
1173
1175
1175
1177
1177
1179
1179
1181
1181
1183
1183
1185
1185
1187
1187
1189
1189
1191
1191
1193
1193
1195
1195
1197
1197
1199
1199
1201
1201
1203
1203
1205
1205
1207
1207
1209
1209
1211
1211
1213
1213
1215
1215
1217
1217
1219
1219
1221
1221
1223
1223
1225
1225
1227
1227
1229
1229
1231
1231
1233
1233
1235
1235
1237
1237
1239
1239
1241
1241
1243
1243
1245
1245
1247
1247
1249
1249
1251
1251
1253
1253
1255
1255
1257
1257
1259
1259
1261
1261
1263
1263
1265
1265
1267
1267
1269
1269
1271
1271
1273
1273
1275
1275
1277
1277
1279
1279
1281
1281
1283
1283
1285
1285
1287
1287
1289
1289
1291
1291
1293
1293
1295
1295
1297
1297
1299
1299
1301
1301
1303
1303
1305
1305
1307
1307
1309
1309
1311
1311
1313
1313
1315
1315
1317
1317
1319
1319
1321
1321
1323
1323
1325
1325
1327
1327
1329
1329
1331
1331
1333
1333
1335
1335
1337
1337
1339
1339
1341
1341
1343
1343
1345
1345
1347
1347
1349
1349
1351
1351
1353
1353
1355
1355
1357
1357
1359
1359
1361
1361
1363
1363
1365
1365
1367
1367
1369
1369
1371
1371
1373
1373
1375
1375
1377
1377
1379
1379
1381
1381
1383
1383
1385
1385
1387
1387
1389
1389
1391
1391
1393
1393
1395
1395
1397
1397
1399
1399
1401
1401
1403
1403
1405
1405
1407
1407
1409
1409
1411
1411
1413
1413
1415
1415
1417
1417
1419
1419
1421
1421
1423
1423
1425
1425
1427
1427
1429
1429
1431
1431
1433
1433
1435
1435
1437
1437
1439
1439
1441
1441
1443
1443
1445
1445
1447
1447
1449
1449
1451
1451
1453
1453
1455
1455
1457
1457
1459
1459
1461
1461
1463
1463
1465
1465
1467
1467
1469
1469
1471
1471
1473
1473
1475
1475
1477
1477
1479
1479
1481
1481
1483
1483
1485
1485
1487
1487
1489
1489
1491
1491
1493
1493
1495
1495
1497
1497
1499
1499
1501
1501
1503
1503
1505
1505
1507
1507
1509
1509
1511
1511
1513
1513
1515
1515
1517
1517
1519
1519
1521
1521
1523
1523
1525
1525
1527
1527
1529
1529
1531
1531
1533
1533
1535
1535
1537
1537
1539
1539
1541
1541
1543
1543
1545
1545
1547
1547
1549
1549
1551
1551
1553
1553
1555
1555
1557
1557
1559
1559
1561
1561
1563
1563
1565
1565
1567
1567
1569
1569
1571
1571
1573
1573
1575
1575
1577
1577
1579
1579
1581
1581
1583
1583
1585
1585
1587
1587
1589
1589
1591
1591
1593
1593
1595
1595
1597
1597
1599
1599
1601
1601
1603
1603
1605
1605
1607
1607
1609
1609
1611
1611
1613
1613
1615
1615
1617
1617
1619
1619
1621
1621
1623
1623
1625
1625
1627
1627
1629
1629
1631
1631
1633
1633
1635
1635
1637
1637
1639
1639
1641
1641
1643
1643
1645
1645
1647
1647
1649
1649
1651
1651
1653
1653
1655
1655
1657
1657
1659
1659
1661
1661
1663
1663
1665
1665
1667
1667
1669
1669
1671
1671
1673
1673
1675
1675
1677
1677
1679
1679
1681
1681
1683
1683
1685
1685
1687
1687
1689
1689
1691
1691
1693
1693
1695
1695
1697
1697
1699
1699
1701
1701
1703
1703
1705
1705
1707
1707
1709
1709
1711
1711
1713
1713
1715
1715
1717
1717
1719
1719
1721
1721
1723
1723
1725
1725
1727
1727
1729
1729
1731
1731
1733
1733
1735
1735
1737
1737
1739
1739
1741
1741
1743
1743
1745
1745
1747
1747
1749
1749
1751
1751
1753
1753
1755
1755
1757
1757
1759
1759
1761
1761
1763
1763
1765
1765
1767
1767
1769
1769
1771
1771
1773
1773
1775
1775
1777
1777
1779
1779
1781
1781
1783
1783
1785
1785
1787
1787
1789
1789
1791
1791
1793
1793
1795
1795
1797
1797
1799
1799
1801
1801
1803
1803
1805
1805
1807
1807
1809
1809
1811
1811
1813
1813
1815
1815
1817
1817
1819
1819
1821
1821
1823
1823
1825
1825
1827
1827
1829
1829
1831
1831
1833
1833
1835
1835
1837
1837
1839
1839
1841
1841
1843
1843
1845
1845
1847
1847
1849
1849
1851
1851
1853
1853
1855
1855
1857
1857
1859
1859
1861
1861
1863
1863
1865
1865
1867
1867
1869
1869
1871
1871
1873
1873
1875
1875
1877
1877
1879
1879
1881
1881
1883
1883
1885
1885
1887
1887
1889
1889
1891
1891
1893
1893
1895
1895
1897
1897
1899
1899
1901
1901
1903
1903
1905
1905
1907
1907
1909
1909
1911
1911
1913
1913
1915
1915
1917
1917
1919
1919
1921
1921
1923
1923
1925
1925
1927
1927
1929
1929
1931
1931
1933
1933
1935
1935
1937
1937
1939
1939
1941
1941
1943
1943
1945
1945
1947
1947
1949
1949
1951
1951
1953
1953
1955
1955
1957
1957
1959
1959
1961
1961
1963
1963
1965
1965
1967
1967
1969
1969
1971
1971
1973
1973
1975
1975
1977
1977
1979
1979
1981
1981
1983
1983
1985
1985
1987
1987
1989
1989
1991
1991
1993
1993
1995
1995
1997
1997
1999
1999
2001
2001
2003
2003
2005
2005
2007
2007
2009
2009
2011
2011
2013
2013
2015
2015
2017
2017
2019
2019
2021
2021
2023
2023
2025
2025
2027
2027
2029
2029
2031
2031
2033
2033
2035
2035
2037
2037
2039
2039
2041
2041
2043
2043
2045
2045
2047
2047
2049
2049
2051
2051
2053
2053
2055
2055
2057
2057
2059
2059
2061
2061
2063
2063
2065
2065
2067
2067
2069
2069
2071
2071
2073
2073
2075
2075
2077
2077
2079
2079
2081
2081
2083
2083
2085
2085
2087
2087
2089
2089
2091
2091
2093
2093
2095
2095
2097
2097
2099
2099
2101
2101
2103
2103
2105
2105
2107
2107
2109
2109
2111
2111
2113
2113
2115
2115
2117
2117
2119
2119
2121
2121
2123
2123
2125
2125
2127
2127
2129
2129
2131
2131
2133
2133
2135
2135
2137
2137
2139
2139
2141
2141
2143
2143
2145
2145
2147
2147
2149
2149
2151
2151
2153
2153
2155
2155
2157
2157
2159
2159
2161
2161
2163
2163
2165
2165
2167
2167
2169
2169
2171
2171
2173
2173
2175
2175
2177
2177
2179
2179
2181
2181
2183
2183
2185
2185
2187
2187
2189
2189
2191
2191
2193
2193
2195
2195
2197
2197
2199
2199
2201
2201
2203
2203
2205
2205
2207
2207
2209
2209
2211
2211
2213
2213
2215
2215
2217
2217
2219
2219
2221
2221
2223
2223
2225
2225
2227
2227
2229
2229
2231
2231
2233
2233
2235
2235
2237
2237
2239
2239
2241
2241
2243
2243
2245
2245
2247
2247
2249
2249
2251
2251
2253
2253
2255
2255
2257
2257
2259
2259
2261
2261
2263
2263
2265
2265
2267
2267
2269
2269
2271
2271
2273
2273
2275
2275
2277
2277
2279
2279
2281
2281
2283
2283
2285
2285
2287
2287
2289
2289
2291
2291
2293
2293
2295
2295
2297
2297
2299
2299
2301
2301
2303
2303
2305
2305
2307
2307
2309
2309
2311
2311
2313
2313
2315
2315
2317
2317
2319
2319
2321
2321
2323
2323
2325
2325
2327
2327
2329
2329
2331
2331
2333
2333
2335
2335
2337
2337
2339
2339
2341
2341
2343
2343
2345
2345
2347
2347
2349
2349
2351
2351
2353
2353
2355
2355
2357
2357
2359
2359
2361
2361
2363
2363
2365
2365
2367
2367
2369
2369
2371
2371
2373
2373
2375
2375
2377
2377
2379
2379
2381
2381
2383
2383
2385
2385
2387
2387
2389
2389
2391
2391
2393
2393
2395
2395
2397
2397
2399
2399
2401
2401
2403
2403
2405
2405
2407
2407
2409
2409
2411
2411
2413
2413
2415
2415
2417
2417
2419
2419
2421
2421
2423
2423
2425
2425
2427
2427
2429
2429
2431
2431
2433
2433
2435
2435
2437
2437
2439
2439
2441
2441
2443
2443
2445
2445
2447
2447
2449
2449
2451
2451
2453
2453
2455
2455
2457
2457
2459
2459
2461
2461
2463
2463
2465
2465
2467
2467
2469
2469
2471
2471
2473
2473
2475
2475
2477
2477
2479
2479
2481
2481
2483
2483
2485
2485
2487
2487
2489
2489
2491
2491
2493
2493
2495
2495
2497
2497
2499
2499
2501
2501
2503
2503
2505
2505
2507
2507
2509
2509
2511
2511
2513
2513
2515
2515
2517
2517
2519
2519
2521
2521
2523
2523
2525
2525
2527
2527
2529
2529
2531
2531
2533
2533
2535
2535
2537
2537
2539
2539
2541
2541
2543
2543
2545
2545
2547
2547
2549
2549
2551
2551
2553
2553
2555
2555
2557
2557
2559
2559
2561
2561
2563
2563
2565
2565
2567
2567
2569
2569
2571
2571
2573
2573
2575
2575
2577
2577
2579
2579
2581
2581
2583
2583
2585
2585
2587
2587
2589
2589
2591
2591
2593
2593
2595
2595
2597
2597
2599
2599
2601
2601
2603
2603
2605
2605
2607
2607
2609
2609
2611
2611
2613
2613
2615
2615
2617
2617
2619
2619
2621
2621
2623
2623
2625
2625
2627
2627
2629
2629
2631
2631
2633
2633
2635
2635
2637
2637
2639
2639
2641
2641
2643
2643
2645
2645
2647
2647
2649
2649
2651
2651
2653
2653
2655
2655
2657
2657
2659
2659
2661
2661
2663
2663
2665
2665
2667
2667
2669
2669
2671
2671
2673
2673
2675
2675
2677
2677
2679
2679
2681
2681
2683
2683
2685
2685
2687
2687
2689
2689
2691
2691
2693
2693
2695
2695
2697
2697
2699
2699
2701
2701
2703
2703
2705
2705
2707
2707
2709
2709
2711
2711
2713
2713
2715
2715
2717
2717
2719
2719
2721
2721
2723
2723
2725
2725
2727
2727
2729
2729
2731
2731
2733
2733
2735
2735
2737
2737
2739
2739
2741
2741
2743
2743
2745
2745
2747
2747
2749
2749
2751
2751
2753
2753
2755
2755
2757
2757
2759
2759
2761
2761
2763
2763
2765
2765
2767
2767
2769
2769
2771
2771
2773
2773
2775
2775
2777
2777
2779
2779
2781
2781
2783
2783
2785
2785
2787
2787
2789
2789
2791
2791
2793
2793
2795
2795
2797
2797
2799
2799
2801
2801
2803
2803
2805
2805
2807
2807
2809
2809
2811
2811
2813
2813
2815
2815
2817
2817
2819
2819
2821
2821
2823
2823
2825
2825
2827
2827
2829
2829
2831
2831
2833
2833
2835
2835
2837
2837
2839
2839
2841
2841
2843
2843
2845
2845
2847
2847
2849
2849
2851
2851
2853
2853
2855
2855
2857
2857
2859
2859
2861
2861
2863
2863
2865
2865
2867
2867
2869
2869
2871
2871
2873
2873
2875
2875
2877
2877
2879
2879
2881
2881
2883
2883
2885
2885
2887
2887
2889
2889
2891
2891
2893
2893
2895
2895
2897
2897
2899
2899
2901
2901
2903
2903
2905
2905
2907
2907
2909
2909
2911
2911
2913
2913
2915
2915
2917
2917
2919
2919
2921
2921
2923
2923
2925
2925
2927
2927
2929
2929
2931
2931
2933
2933
2935
2935
2937
2937
2939
2939
2941
2941
2943
2943
2945
2945
2947
2947
2949
2949
2951
2951
2953
2953
2955
2955
2957
2957
2959
2959
2961
2961
2963
2963
2965
2965
2967
2967
2969
2969
2971
2971
2973
2973
2975
2975
2977
2977
2979
2979
2981
2981
2983
2983
2985
2985
2987
2987
2989
2989
2991
2991
2993
2993
2995
2995
2997
2997
2999
2999
3001
3001
3003
3003
3005
3005
3007
3007
3009
3009
3011
3011
3013
3013
3015
3015
3017
3017
3019
3019
3021
3021
3023
3023
3025
3025
3027
3027
3029
3029
3031
3031
3033
3033
3035
3035
3037
3037
3039
3039
3041
3041
3043
3043
3045
3045
3047
3047
3049
3049
3051
3051
3053
3053
3055
3055
3057
3057
3059
3059
3061
3061
3063
3063
3065
3065
3067
3067
3069
3069
3071
3071
3073
3073
3075
3075
3077
3077
3079
3079
3081
3081
3083
3083
3085
3085
3087
3087
3089
3089
3091
3091
3093
3093
3095
3095
3097
3097
3099
3099
3101
3101
3103
3103
3105
3105
3107
3107
3109
3109
3111
3111
3113
3113
3115
3115
3117
3117
3119
3119
3121
3121
3123
3123
3125
3125
3127
3127
3129
3129
3131
3131
3133
3133
3135
3135
3137
3137
3139
3139
3141
3141
3143
3143
3145
3145
3147
3147
3149
3149
3151
3151
3153
3153
3155
3155
3157
3157
3159
3159
3161
3161
3163
3163
3165
3165
3167
3167
3169
3169
3171
3171
3173
3173
3175
3175
3177
3177
3179
3179
3181
3181
3183
3183
3185
3185
3187
3187
3189
3189
3191
3191
3193
3193
3195
3195
3197
3197
3199
3199
3201
3201
3203
3203
3205
3205
3207
3207
3209
3209
3211
3211
3213
3213
3215
3215
3217
3217
3219
3219
3221
3221
3223
3223
3225
3225
3227
3227
3229
3229
3231
3231
3233
3233
3235
3235
3237
3237
3239
3239
3241
3241
3243
3243
3245
3245
3247
3247
3249
3249
3251
3251
3253
3253
3255
3255
3257
3257
3259
3259
3261
3261
3263
3263
3265
3265
3267
3267
3269
3269
3271
3271
3273
3273
3275
3275
3277
3277
3279
3279
3281
3281
3283
3283
3285
3285
3287
3287
3289
3289
3291
3291
3293
3293
3295
3295
3297
3297
3299
3299
3301
3301
3303
3303
3305
3305
3307
3307
3309
3309
3311
3311
3313
3313
3315
3315
3317
3317
3319
3319
3321
3321
3323
3323
3325
3325
3327
3327
3329
3329
3331
3331
3333
3333
3335
3335
3337
3337
3339
3339
3341
3341
3343
3343
3345
3345
3347
3347
3349
3349
3351
3351
3353
3353
3355
3355
3357
3357
3359
3359
3361
3361
3363
3363
3365
3365
3367
3367
3369
3369
3371
3371
3373
3373
3375
3375
3377
3377
3379
3379
3381
3381
3383
3383
3385
3385
3387
3387
3389
3389
3391
3391
3393
3393
3395
3395
3397
3397
3399
3399
3401
3401
3403
3403
3405
3405
3407
3407
3409
3409
3411
3411
3413
3413
3415
3415
3417
3417
3419
3419
3421
3421
3423
3423
3425
3425
3427
3427
3429
3429
3431
3431
3433
3433
3435
3435
3437
3437
3439
3439
3441
3441
3443
3443
3445
3445
3447
3447
3449
3449
3451
3451
3453
3453
3455
3455
3457
3457
3459
3459
3461
3461
3463
3463
3465
3465
3467
3467
3469
3469
3471
3471
3473
3473
3475
3475
3477
3477
3479
3479
3481
3481
3483
3483
3485
3485
3487
3487
3489
3489
3491
3491
3493
3493
3495
3495
3497
3497
3499
3499
3501
3501
3503
3503
3505
3505
3507
3507
3509
3509
3511
3511
3513
3513
3515
3515
3517
3517
3519
3519
3521
3521
3523
3523
3525
3525
3527
3527
3529
3529
3531
3531
3533
3533
3535
3535
3537
3537
3539
3539
3541
3541
3543
3543
3545
3545
3547
3547
3549
3549
3551
3551
3553
3553
3555
3555
3557
3557
3559
3559
3561
3561
3563
3563
3565
3565
3567
3567
3569
3569
3571
3571
3573
3573
3575
3575
3577
3577
3579
3579
3581
3581
3583
3583
3585
3585
3587
3587
3589
3589
3591
3591
3593
3593
3595
3595
3597
3597
3599
3599
3601
3601
3603
3603
3605
3605
3607
3607
3609
3609
3611
3611
3613
3613
3615
3615
3617
3617
3619
3619
3621
3621
3623
3623
3625
3625
3627
3627
3629
3629
3631
3631
3633
3633
3635
3635
3637
3637
3639
3639
3641
3641
3643
3643
3645
3645
3647
3647
3649
3649
3651
3651
3653
3653
3655
3655
3657
3657
3659
3659
3661
3661
3663
3663
3665
3665
3667
3667
3669
3669
3671
3671
3673
3673
3675
3675
3677
3677
3679
3679
3681
3681
3683
3683
3685
3685
3687
3687
3689
3689
3691
3691
3693
3693
3695
3695
3697
3697
3699
3699
3701
3701
3703
3703
3705
3705
3707
3707
3709
3709
3711
3711
3713
3713
3715
3715
3717
3717
3719
3719
3721
3721
3723
3723
3725
3725
3727
3727
3729
3729
3731
3731
3733
3733
3735
3735
3737
3737
3739
3739
3741
3741
3743
3743
3745
3745
3747
3747
3749
3749
3751
3751
3753
3753
3755
3755
3757
3757
3759
3759
3761
3761
3763
3763
3765
3765
3767
3767
3769
3769
3771
3771
3773
3773
3775
3775
3777
3777
3779
3779
3781
3781
3783
3783
3785
3785
3787
3787
3789
3789
3791
3791
3793
3793
3795
3795
3797
3797
3799
3799
3801
3801
3803
3803
3805
3805
3807
3807
3809
3809
3811
3811
3813
3813
3815
3815
3817
3817
3819
3819
3821
3821
3823
3823
3825
3825
3827
3827
3829
3829
3831
3831
3833
3833
3835
3835
3837
3837
3839
3839
3841
3841
3843
3843
3845
3845
3847
3847
3849
3849
3851
3851
3853
3853
3855
3855
3857
3857
3859
3859
3861
3861
3863
3863
3865
3865
3867
3867
3869
3869
3871
3871
3873
3873
3875
3875
3877
3877
3879
3879
3881
3881
3883
3883
3885
3885
3887
3887
3889
3889
3891
3891
3893
3893
3895
3895
3897
3897
3899
3899
3901
3901
3903
3903
3905
3905
3907
3907
3909
3909
3911
3911
3913
3913
3915
3915
3917
3917
3919
3919
3921
3921
3923
3923
3925
3925
3927
3927
3929
3929
3931
3931
3933
3933
3935
3935
3937
3937
3939
3939
3941
3941
3943
3943
3945
3945
3947
3947
3949
3949
3951
3951
3953
3953
3955
3955
3957
3957
3959
3959
3961
3961
3963
3963
3965
3965
3967
3967
3969
3969
3971
3971
3973
3973
3975
3975
3977
3977
3979
3979
3981
3981
3983
3983
3985
3985
3987
3987
3989
3989
3991
3991
3993
3993
3995
3995
3997
3997
3999
3999
4001
4001
4003
4003
4005
4005
4007
4007
4009
4009
4011
4011
4013
4013
4015
4015
4017
4017
4019
4019
4021
4021
4023
4023
4025
4025
4027
4027
4029
4029
4031
4031
4033
4033
4035
4035
4037
4037
4039
4039
4041
4041
4043
4043
4045
4045
4047
4047
4049
4049
4051
4051
4053
4053
4055
4055
4057
4057
4059
4059
4061
4061
4063
4063
4065
4065
4067
4067
4069
4069
4071
4071
4073
4073
4075
4075
4077
4077
4079
4079
4081
4081
4083
4083
4085
4085
4087
4087
4089
4089
4091
4091
4093
4093
4095
4095
4097
4097
4099
4099
4101
4101
4103
4103
4105
4105
4107
4107
4109
4109
4111
4111
4113
4113
4115
4115
4117
4117
4119
4119
4121
4121
4123
4123
4125
4125
4127
4127
4129
4129
4131
4131
4133
4133
4135
4135
4137
4137
4139
4139
4141
4141
4143
4143
4145
4145
4147
4147
4149
4149
4151
4151
4153
4153
4155
4155
4157
4157
4159
4159
4161
4161
4163
4163
4165
4165
4167
4167
4169
4169
4171
4171
4173
4173
4175
4175
4177
4177
4179
4179
4181
4181
4183
4183
4185
4185
4187
4187
4189
4189
4191
4191
4193
4193
4195
4195
4197
4197
4199
4199
4201
4201
4203
4203
4205
4205
4207
4207
4209
4209
4211
4211
4213
4213
4215
4215
4217
4217
4219
4219
4221
4221
4223
4223
4225
4225
4227
4227
4229
4229
4231
4231
4233
4233
4235
4235
4237
4237
4239
4239
4241
4241
4243
4243
4245
4245
4247
4247
4249
4249
4251
4251
4253
4253
4255
4255
4257
4257
4259
4259
4261
4261
4263
4263
4265
4265
4267
4267
4269
4269
4271
4271
4273
4273
4275
4275
4277
4277
4279
4279
4281
4281
4283
4283
4285
4285
4287
4287
4289
4289
4291
4291
4293
4293
4295
4295
4297
4297
4299
4299
4301
4301
4303
4303
4305
4305
4307
4307
4309
4309
4311
4311
4313
4313
4315
4315
4317
4317
4319
4319
4321
4321
4323
4323
4325
4325
4327
4327
4329
4329
4331
4331
4333
4333
4335
4335
4337
4337
4339
4339
4341
4341
4343
4343
4345
4345
4347
4347
4349
4349
4351
4351
4353
4353
4355
4355
4357
4357
4359
4359
4361
4361
4363
4363
4365
4365
4367
4367
4369
4369
4371
4371
4373
4373
4375
4375
4377
4377
4379
4379
4381
4381
4383
4383
4385
4385
4387
4387
4389
4389
4391
4391
4393
4393
4395
4395
4397
4397
4399
4399
4401
4401
4403
4403
4405
4405
4407
4407
4409
4409
4411
4411
4413
4413
4415
4415
4417
4417
4419
4419
4421
4421
4423
4423
4425
4425
4427
4427
4429
4429
4431
4431
4433
4433
4435
4435
4437
4437
4439
4439
4441
4441
4443
4443
4445
4445
4447
4447
4449
4449
4451
4451
4453
4453
4455
4455
4457
4457
4459
4459
4461
4461
4463
4463
4465
4465
4467
4467
4469
4469
4471
4471
4473
4473
4475
4475
4477
4477
4479
4479
4481
4481
4483
4483
4485
4485
4487
4487
4489
4489
4491
4491
4493
4493
4495
4495
4497
4497
4499
4499
4501
4501
4503
4503
4505
4505
4507
4507
4509
4509
4511
4511
4513
4513
4515
4515
4517
4517
4519
4519
4521
4521
4523
4523
4525
4525
4527
4527
4529
4529
4531
4531
4533
4533
4535
4535
4537
4537
4539
4539
4541
4541
4543
4543
4545
4545
4547
4547
4549
4549
4551
4551
4553
4553
4555
4555
4557
4557
4559
4559
4561
4561
4563
4563
4565
4565
4567
4567
4569
4569
4571
4571
4573
4573
4575
4575
4577
4577
4579
4579
4581
4581
4583
4583
4585
4585
4587
4587
4589
4589
4591
4591
4593
4593
4595
4595
4597
4597
4599
4599
4601
4601
4603
4603
4605
4605
4607
4607
4609
4609
4611
4611
4613
4613
4615
4615
4617
4617
4619
4619
4621
4621
4623
4623
4625
4625
4627
4627
4629
4629
4631
4631
4633
4633
4635
4635
4637
4637
4639
4639
4641
4641
4643
4643
4645
4645
4647
4647
4649
4649
4651
4651
4653
4653
4655
4655
4657
4657
4659
4659
4661
4661
4663
4663
4665
4665
4667
4667
4669
4669
4671
4671
4673
4673
4675
4675
4677
4677
4679
4679
4681
4681
4683
4683
4685
4685
4687
4687
4689
4689
4691
4691
4693
4693
4695
4695
4697
4697
4699
4699
4701
4701
4703
4703
4705
4705
4707
4707
4709
4709
4711
4711
4713
4713
4715
4715
4717
4717
4719
4719
4721
4721
4723
4723
4725
4725
4727
4727
4729
4729
4731
4731
4733
4733
4735
4735
4737
4737
4739
4739
4741
4741
4743
4743
4745
4745
4747
4747
4749
4749
4751
4751
4753
4753
4755
4755
4757
4757
4759
4759
4761
4761
4763
4763
4765
4765
4767
4767
4769
4769
4771
4771
4773
4773
4775
4775
4777
4777
4779
4779
4781
4781
4783
4783
4785
4785
4787
4787
4789
4789
4791
4791
4793
4793
4795
4795
4797
4797
4799
4799
4801
4801
4803
4803
4805
4805
4807
4807
4809
4809
4811
4811
4813
4813
4815
4815
4817
4817
4819
4819
4821
4821
4823
4823
4825
4825
4827
4827
4829
4829
4831
4831
4833
4833
4835
4835
4837
4837
4839
4839
4841
4841
4843
4843
4845
4845
4847
4847
4849
4849
4851
4851
4853
4853
4855
4855
4857
4857
4859
4859
4861
4861
4863
4863
4865
4865
4867
4867
4869
4869
4871
4871
4873
4873
4875
4875
4877
4877
4879
4879
4881
4881
4883
4883
4885
4885
4887
4887
4889
4889
4891
4891
4893
4893
4895
4895
4897
4897
4899
4899
4901
4901
4903
4903
4905
4905
4907
4907
4909
4909
4911
4911
4913
4913
4915
4915
4917
4917
4919
4919
4921
4921
4923
4923
4925
4925
4927
4927
4929
4929
4931
4931
4933
4933
4935
4935
4937
4937
4939
4939
4941
4941
4943
4943
4945
4945
4947
4947
4949
4949
4951
4951
4953
4953
4955
4955
4957
4957
4959
4959
4961
4961
4963
4963
4965
4965
4967
4967
4969
4969
4971
4971
4973
4973
4975
4975
4977
4977
4979
4979
4981
4981
4983
4983
4985
4985
4987
4987
4989
4989
4991
4991
4993
4993
4995
4995
4997
4997
4999
4999
5001
5001
5003
5003
5005
5005
5007
5007
5009
5009
5011
5011
5013
5013
5015
5015
5017
5017
5019
5019
5021
5021
5023
5023
5025
5025
5027
5027
5029
5029
5031
5031
5033
5033
5035
5035
5037
5037
5039
5039
5041
5041
5043
5043
5045
5045
5047
5047
5049
5049
5051
5051
5053
5053
5055
5055
5057
5057
5059
5059
5061
5061
5063
5063
5065
5065
5067
5067
5069
5069
5071
5071
5073
5073
5075
5075
5077
5077
5079
5079
5081
5081
5083
5083
5085
5085
5087
5087
5089
5089
5091
5091
5093
5093
5095
5095
5097
5097
5099
5099
5101
5101
5103
5103
5105
5105
5107
5107
5109
5109
5111
5111
5113
5113
5115
5115
5117
5117
5119
5119
5121
5121
5123
5123
5125
5125
5127
5127
5129
5129
5131
5131
5133
5133
5135
5135
5137
5137
5139
5139
5141
5141
5143
5143
5145
5145
5147
5147
5149
5149
5151
5151
5153
5153
5155
5155
5157
5157
5159
5159
5161
5161
5163
5163
5165
5165
5167
5167
5169
5169
5171
5171
5173
5173
5175
5175
5177
5177
5179
5179
5181
5181
5183
5183
5185
5185
5187
5187
5189
5189
5191
5191
5193
5193
5195
5195
5197
5197
5199
5199
5201
5201
5203
5203
5205
5205
5207
5207
5209
5209
5211
5211
5213
5213
5215
5215
5217
5217
5219
5219
5221
5221
5223
5223
5225
5225
5227
5227
5229
5229
5231
5231
5233
5233
5235
5235
5237
5237
5239
5239
5241
5241
5243
5243
5245
5245
5247
5247
5249
5249
5251
5251
5253
5253
5255
5255
5257
5257
5259
5259
5261
5261
5263
5263
5265
5265
5267
5267
5269
5269
5271
5271
5273
5273
5275
5275
5277
5277
5279
5279
5281
5281
5283
5283
5285
5285
5287
5287
5289
5289
5291
5291
5293
5293
5295
5295
5297
5297
5299
5299
5301
5301
5303
5303
5305
5305
5307
5307
5309
5309
5311
5311
5313
5313
5315
5315
5317
5317
5319
5319
5321
5321
5323
5323
5325
5325
5327
5327
5329
5329
5331
5331
5333
5333
5335
5335
5337
5337
5339
5339
5341
5341
5343
5343
5345
5345
5347
5347
5349
5349
5351
5351
5353
5353
5355
5355
5357
5357
5359
5359
5361
5361
5363
5363
5365
5365
5367
5367
5369
5369
5371
5371
5373
5373
5375
5375
5377
5377
5379
5379
5381
5381
5383
5383
5385
5385
5387
5387
5389
5389
5391
5391
5393
5393
5395
5395
5397
5397
5399
5399
5401
5401
5403
5403
5405
5405
5407
5407
5409
5409
5411
5411
5413
5413
5415
5415
5417
5417
5419
5419
5421
5421
5423
5423
5425
5425
5427
5427
5429
5429
5431
5431
5433
5433
5435
5435
5437
5437
5439
5439
5441
5441
5443
5443
5445
5445
5447
5447
5449
5449
5451
5451
5453
5453
5455
5455
5457
5457
5459
5459
5461
5461
5463
5463
5465
5465
5467
5467
5469
5469
5471
5471
5473
5473
5475
5475
5477
5477
5479
5479
5481
5481
5483
5483
5485
5485
5487
5487
5489
5489
5491
5491
5493
5493
5495
5495
5497
5497
5499
5499
5501
5501
5503
5503
5505
5505
5507
5507
5509
5509
5511
5511
5513
5513
5515
5515
5517
5517
5519
5519
5521
5521
5523
5523
5525
5525
5527
5527
5529
5529
5531
5531
5533
5533
5535
5535
5537
5537
5539
5539
5541
5541
5543
5543
5545
5545
5547
5547
5549
5549
5551
5551
5553
5553
5555
5555
5557
5557
5559
5559
5561
5561
5563
5563
5565
5565
5567
5567
5569
5569
5571
5571
5573
5573
5575
5575
5577
5577
5579
5579
5581
5581
5583
5583
5585
5585
5587
5587
5589
5589
5591
5591
5593
5593
5595
5595
5597
5597
5599
5599
5601
5601
5603
5603
5605
5605
5607
5607
5609
5609
5611
5611
5613
5613
5615
5615
5617
5617
5619
5619
5621
5621
5623
5623
5625
5625
5627
5627
5629
5629
5631
5631
5633
5633
5635
5635
5637
5637
5639
5639
5641
5641
5643
5643
5645
5645
5647
5647
5649
5649
5651
5651
5653
5653
5655
5655
5657
5657
5659
5659
5661
5661
5663
5663
5665
5665
5667
5667
5669
5669
5671
5671
5673
5673
5675
5675
5677
5677
5679
5679
5681
5681
5683
5683
5685
5685
5687
5687
5689
5689
5691
5691
5693
5693
5695
5695
5697
5697
5699
5699
5701
5701
5703
5703
5705
5705
5707
5707
5709
5709
5711
5711
5713
5713
5715
5715
5717
5717
5719
5719
5721
5721
5723
5723
5725
5725
5727
5727
5729
5729
5731
5731
5733
5733
5735
5735
5737
5737
5739
5739
5741
5741
5743
5743
5745
5745
5747
5747
5749
5749
5751
5751
5753
5753
5755
5755
5757
5757
5759
5759
5761
5761
5763
5763
5765
5765
5767
5767
5769
5769
5771
5771
5773
5773
5775
5775
5777
5777
5779
5779
5781
5781
5783
5783
5785
5785
5787
5787
5789
5789
5791
5791
5793
5793
5795
5795
5797
5797
5799
5799
5801
5801
5803
5803
5805
5805
5807
5807
5809
5809
5811
5811
5813
5813
5815
5815
5817
5817
5819
5819
5821
5821
5823
5823
5825
5825
5827
5827
5829
5829
5831
5831
5833
5833
5835
5835
5837
5837
5839
5839
5841
5841
5843
5843
5845
5845
5847
5847
5849
5849
5851
5851
5853
5853
5855
5855
5857
5857
5859
5859
5861
5861
5863
5863
5865
5865
5867
5867
5869
5869
5871
5871
5873
5873
5875
5875
5877
5877
5879
5879
5881
5881
5883
5883
5885
5885
5887
5887
5889
5889
5891
5891
5893
5893
5895
5895
5897
5897
5899
5899
5901
5901
5903
5903
5905
5905
5907
5907
5909
5909
5911
5911
5913
5913
5915
5915
5917
5917
5919
5919
5921
5921
5923
5923
5925
5925
5927
5927
5929
5929
5931
5931
5933
5933
5935
5935
5937
5937
5939
5939
5941
5941
5943
5943
5945
5945
5947
5947
5949
5949
5951
5951
5953
5953
5955
5955
5957
5957
5959
5959
5961
5961
5963
5963
5965
5965
5967
5967
5969
5969
5971
5971
5973
5973
5975
5975
5977
5977
5979
5979
5981
5981
5983
5983
5985
5985
5987
5987
5989
5989
5991
5991
5993
5993
5995
5995
5997
5997
5999
5999
6001
6001
6003
6003
6005
6005
6007
6007
6009
6009
6011
6011
6013
6013
6015
6015
6017
6017
6019
6019
6021
6021
6023
6023
6025
6025
6027
6027
6029
6029
6031
6031
6033
6033
6035
6035
6037
6037
6039
6039
6041
6041
6043
6043
6045
6045
6047
6047
6049
6049
6051
6051
6053
6053
6055
6055
6057
6057
6059
6059
6061
6061
6063
6063
6065
6065
6067
6067
6069
6069
6071
6071
6073
6073
6075
6075
6077
6077
6079
6079
6081
6081
6083
6083
6085
6085
6087
6087
6089
6089
6091
6091
6093
6093
6095
6095
6097
6097
6099
6099
6101
6101
6103
6103
6105
6105
6107
6107
6109
6109
6111
6111
6113
6113
6115
6115
6117
6117
6119
6119
6121
6121
6123
6123
6125
6125
6127
6127
6129
6129
6131
6131
6133
6133
6135
6135
6137
6137
6139
6139
6141
6141
6143
6143
6145
6145
6147
6147
6149
6149
6151
6151
6153
6153
6155
6155
6157
6157
6159
6159
6161
6161
6163
6163
6165
6165
6167
6167
6169
6169
6171
6171
6173
6173
6175
6175
6177
6177
6179
6179
6181
6181
6183
6183
6185
6185
6187
6187
6189
6189
6191
6191
6193
6193
6195
6195
6197
6197
6199
6199
6201
6201
6203
6203
6205
6205
6207
6207
6209
6209
6211
6211
6213
6213
6215
6215
6217
6217
6219
6219
6221
6221
6223
6223
6225
6225
6227
6227
6229
6229
6231
6231
6233
6233
6235
6235
6237
6237
6239
6239
6241
6241
6243
6243
6245
6245
6247
6247
6249
6249
6251
6251
6253
6253
6255
6255
6257
6257
6259
6259
6261
6261
6263
6263
6265
6265
6267
6267
6269
6269
6271
6271
6273
6273
6275
6275
6277
6277
6279
6279
6281
6281
6283
6283
6285
6285
6287
6287
6289
6289
6291
6291
6293
6293
6295
6295
6297
6297
6299
6299
6301
6301
6303
6303
6305
6305
6307
6307
6309
6309
6311
6311
6313
6313
6315
6315
6317
6317
6319
6319
6321
6321
6323
6323
6325
6325
6327
6327
6329
6329
6331
6331
6333
6333
6335
6335
6337
6337
6339
6339
6341
6341
6343
6343
6345
6345
6347
6347
6349
6349
6351
6351
6353
6353
6355
6355
6357
6357
6359
6359
6361
6361
6363
6363
6365
6365
6367
6367
6369
6369
6371
6371
6373
6373
6375
6375
6377
6377
6379
6379
6381
6381
6383
6383
6385
6385
6387
6387
6389
6389
6391
6391
6393
6393
6395
6395
6397
6397
6399
6399
6401
6401
6403
6403
6405
6405
6407
6407
6409
6409
6411
6411
6413
6413
6415
6415
6417
6417
6419
6419
6421
6421
6423
6423
6425
6425
6427
6427
6429
6429
6431
6431
6433
6433
6435
6435
6437
6437
6439
6439
6441
6441
6443
6443
6445
6445
6447
6447
6449
6449
6451
6451
6453
6453
6455
6455
6457
6457
6459
6459
6461
6461
6463
6463
6465
6465
6467
6467
6469
6469
6471
6471
6473
6473
6475
6475
6477
6477
6479
6479
6481
6481
6483
6483
6485
6485
6487
6487
6489
6489
6491
6491
6493
6493
6495
6495
6497
6497
6499
6499
6501
6501
6503
6503
6505
6505
6507
6507
6509
6509
6511
6511
6513
6513
6515
6515
6517
6517
6519
6519
6521
6521
6523
6523
6525
6525
6527
6527
6529
6529
6531
6531
6533
6533
6535
6535
6537
6537
6539
6539
6541
6541
6543
6543
6545
6545
6547
6547
6549
6549
6551
6551
6553
6553
6555
6555
6557
6557
6559
6559
6561
6561
6563
6563
6565
6565
6567
6567
6569
6569
6571
6571
6573
6573
6575
6575
6577
6577
6579
6579
6581
6581
6583
6583
6585
6585
6587
6587
6589
6589
6591
6591
6593
6593
6595
6595
6597
6597
6599
6599
6601
6601
6603
6603
6605
6605
6607
6607
6609
6609
6611
6611
6613
6613
6615
6615
6617
6617
6619
6619
6621
6621
6623
6623
6625
6625
6627
6627
6629
6629
6631
6631
6633
6633
6635
6635
6637
6637
6639
6639
6641
6641
6643
6643
6645
6645
6647
6647
6649
6649
6651
6651
6653
6653
6655
6655
6657
6657
6659
6659
6661
6661
6663
6663
6665
6665
6667
6671
6675
6679
6683
6687
6691
6695
6699
6703
6707
6711
6715
6719
6723
6727
6731
6735
6739
6743
6747
6751
6755
6759
6763
6767
6771
6775
6779
6783
6787
6791
6795
6799
6803
6807
6811
6815
6819
6823
6827
6831
6835
6839
6843
6847
6851
6855
6859
6863
6867
6871
6875
6879
6883
6887
6891
6895
6899
6903
6907
6911
6915
6919
6923
6927
6931
6935
6939
6943
6947
6951
6955
6959
6963
6967
6971
6975
6979
6983
6987
6991
6995
6999
7003
7007
7011
7015
7019
7023
7027
7031
7035
7039
7043
7047
7051
7055
7059
7063
7067
7071
7075
7079
7083
7087
7091
7095
7099
7103
7107
7111
7115
7119
7123
7127
7131
7135
7139
7143
7147
7151
7155
7159
7163
7167
7171
7175
7179
7183
7187
7191
7195
7199
7203
7207
7211
7215
7219
7223
7227
7231
7235
7239
7243
7247
7251
7255
7259
7263
7267
7271
7275
7279
7283
7287
7291
7295
7299
7303
7307
7311
7315
7319
7323
7327
7331
7335
7339
7343
7347
7351
7355
7359
7363
7367
7371
7375
7379
7383
7387
7391
7395
7399
7403
7407
7411
7415
7419
7423
7427
7431
7435
7439
7443
7447
7451
7455
7459
7463
7467
7471
7475
7479
7483
7487
7491
7495
7499
7503
7507
7511
7515
7519
7523
7527
7531
7535
7539
7543
7547
7551
7555
7559
7563
7567
7571
7575
7579
7583
7587
7591
7595
7599
7603
7607
7611
7615
7619
7623
7627
7631
7635
7639
7643
7647
7651
7655
7659
7663
7667
7671
7675
7679
7683
7687
7691
7695
7699
7703
7707
7711
7715
7719
7723
7727
7731
7735
7739
7743
7747
7751
7755
7759
7763
7767
7771
7775
7779
7783
7787
7791
7795
7799
7803
7807
7811
7815
7819
7823
7827
7831
7835
7839
7843
7847
7851
7855
7859
7863
7867
7871
7875
7879
7883
7887
7891
7895
7899
7903
7907
7911
7915
7919
7923
7927
7931
7935
7939
7943
7947
7951
7955
7959
7963
7967
7971
7975
7979
7983
7987
7991
7995
7999
8003
8007
8011
8015
8019
8023
8027
8031
8035
8039
8043
8047
8051
8055
8059
8063
8067
8071
8075
8079
8083
8087
8091
8095
8099
8103
8107
8111
8115
8119
8123
8127
8131
8135
8139
8143
8147
8151
8155
8159
8163
8167
8171
8175
8179
8183
8187
8191
8195
8199
8203
8207
8211
8215
8219
8223
8227
8231
8235
8239
8243
8247
8251
8255
8259
8263
8267
8271
8275
8279
8283
8287
8291
8295
8299
8303
8307
8311
8315
8319
8323
8327
8331
8335
8339
8343
8347
8351
8355
8359
8363
8367
8371
8375
8379
8383
8387
8391
8395
8399
8403
8407
8411
8415
8419
8423
8427
8431
8435
8439
8443
8447
8451
8455
8459
8463
8467
8471
8475
8479
8483
8487
8491
8495
8499
8503
8507
8511
8515
8519
8523
8527
8531
8535
8539
8543
8547
8551
8555
8559
8563
8567
8571
8575
8579
8583
8587
8591
8595
8599
8603
8607
8611
8615
8619
8623
8627
8631
8635
8639
8643
8647
8651
8655
8659
8663
8667
8671
8675
8679
8683
8687
8691
8695
8699
8703
8707
8711
8715
8719
8723
8727
8731
8735
8739
8743
8747
8751
8755
8759
8763
8767
8771
8775
8779
8783
8787
8791
8795
8799
8803
8807
8811
8815
8819
8823
8827
8831
8835
8839
8843
8847
8851
8855
8859
8863
8867
8871
8875
8879
8883
8887
8891
8895
8899
8903
8907
8911
8915
8919
8923
8927
8931
8935
8939
8943
8947
8951
8955
8959
8963
8967
8971
8975
8979
8983
8987
8991
8995
8999
9003
9007
9011
9015
9019
9023
9027
9031
9035
9039
9043
9047
9051
9055
9059
9063
9067
9071
9075
9079
9083
9087
9091
9095
9099
9103
9107
9111
9115
9119
9123
9127
9131
9135
9139
9143
9147
9151
9155
9159
9163
9167
9171
9175
9179
9183
9187
9191
9195
9199
9203
9207
9211
9215
9219
9223
9227
9231
9235
9239
9243
9247
9251
9255
9259
9263
9267
9271
9275
9279
9283
9287
9291
9295
9299
9303
9307
9311
9315
9319
9323
9327
9331
9335
9339
9343
9347
9351
9355
9359
9363
9367
9371
9375
9379
9383
9387
9391
9395
9399
9403
9407
9411
9415
9419
9423
9427
9431
9435
9439
9443
9447
9451
9455
9459
9463
9467
9471
9475
9479
9483
9487
9491
9495
9499
9503
9507
9511
9515
9519
9523
9527
9531
9535
9539
9543
9547
9551
9555
9559
9563
9567
9571
9575
9579
9583
9587
9591
9595
9599
9603
9607
9611
9615
9619
9623
9627
9631
9635
9639
9643
9647
9651
9655
9659
9663
9667
9671
9675
9679
9683
9687
9691
9695
9699
9703
9707
9711
9715
9719
9723
9727
9731
9735
9739
9743
9747
9751
9755
9759
9763
9767
9771
9775
9779
9783
9787
9791
9795
9799
9803
9807
9811
9815
9819
9823
9827
9831
9835
9839
9843
9847
9851
9855
9859
9863
9867
9871
9875
9879
9883
9887
9891
9895
9899
9903
9907
9911
9915
9919
9923
9927
9931
9935
9939
9943
9947
9951
9955
9959
9963
9967
9971
9975
9979
9983
9987
9991
9995
9999
10003
10007
10011
10015
10019
10023
10027
10031
10035
10039
10043
10047
10051
10055
10059
10063
10067
10071
10075
10079
10083
10087
10091
10095
10099
10103
10107
10111
10115
10119
10123
10127
10131
10135
10139
10143
10147
10151
10155
10159
10163
10167
10171
10175
10179
10183
10187
10191
10195
10199
10203
10207
10211
10215
10219
10223
10227
10231
10235
10239
10243
10247
10251
10255
10259
10263
10267
10271
10275
10279
10283
10287
10291
10295
10299
10303
10307
10311
10315
10319
10323
10327
10331
10335
10339
10343
10347
10351
10355
10359
10363
10367
10371
10375
10379
10383
10387
10391
10395
10399
10403
10407
10411
10415
10419
10423
10427
10431
10435
10439
10443
10447
10451
10455
10459
10463
10467
10471
10475
10479
10483
10487
10491
10495
10499
10503
10507
10511
10515
10519
10523
10527
10531
10535
10539
10543
10547
10551
10555
10559
10563
10567
10571
10575
10579
10583
10587
10591
10595
10599
10603
10607
10611
10615
10619
10623
10627
10631
10635
10639
10643
10647
10651
10655
10659
10663
10667
10671
10675
10679
10683
10687
10691
10695
10699
10703
10707
10711
10715
10719
10723
10727
10731
10735
10739
10743
10747
10751
10755
10759
10763
10767
10771
10775
10779
10783
10787
10791
10795
10799
10803
10807
10811
10815
10819
10823
10827
10831
10835
10839
10843
10847
10851
10855
10859
10863
10867
10871
10875
10879
10883
10887
10891
10895
10899
10903
10907
10911
10915
10919
10923
10927
10931
10935
10939
10943
10947
10951
10955
10959
10963
10967
10971
10975
10979
10983
10987
10991
10995
10999
11003
11007
11011
11015
11019
11023
11027
11031
11035
11039
11043
11047
11051
11055
11059
11063
11067
11071
11075
11079
11083
11087
11091
11095
11099
11103
11107
11111
11115
11119
11123
11127
11131
11135
11139
11143
11147
11151
11155
11159
11163
11167
11171
11175
11179
11183
11187
11191
11195
11199
11203
11207
11211
11215
11219
11223
11227
11231
11235
11239
11243
11247
11251
11255
11259
11263
11267
11271
11275
11279
11283
11287
11291
11295
11299
11303
11307
11311
11315
11319
11323
11327
11331
11335
11339
11343
11347
11351
11355
11359
11363
11367
11371
11375
11379
11383
11387
11391
11395
11399
11403
11407
11411
11415
11419
11423
11427
11431
11435
11439
11443
11447
11451
11455
11459
11463
11467
11471
11475
11479
11483
11487
11491
11495
11499
11503
11507
11511
11515
11519
11523
11527
11531
11535
11539
11543
11547
11551
11555
11559
11563
11567
11571
11575
11579
11583
11587
11591
11595
11599
11603
11607
11611
11615
11619
11623
11627
11631
11635
11639
11643
11647
11651
11655
11659
11663
11667
11671
11675
11679
11683
11687
11691
11695
11699
11703
11707
11711
11715
11719
11723
11727
11731
11735
11739
11743
11747
11751
11755
11759
11763
11767
11771
11775
11779
11783
11787
11791
11795
11799
11803
11807
11811
11815
11819
11823
11827
11831
11835
11839
11843
11847
11851
11855
11859
11863
11867
11871
11875
11879
11883
11887
11891
11895
11899
11903
11907
11911
11915
11919
11923
11927
11931
11935
11939
11943
11947
11951
11955
11959
11963
11967
11971
11975
11979
11983
11987
11991
11995
11999
12003
12007
12011
12015
12019
12023
12027
12031
12035
12039
12043
12047
12051
12055
12059
12063
12067
12071
12075
12079
12083
12087
12091
12095
12099
12103
12107
12111
12115
12119
12123
12127
12131
12135
12139
12143
12147
12151
12155
12159
12163
12167
12171
12175
12179
12183
12187
12191
12195
12199
12203
12207
12211
12215
12219
12223
12227
12231
12235
12239
12243
12247
12251
12255
12259
12263
12267
12271
12275
12279
12283
12287
12291
12295
12299
12303
12307
12311
12315
12319
12323
12327
12331
12335
12339
12343
12347
12351
12355
12359
12363
12367
12371
12375
12379
12383
12387
12391
12395
12399
12403
12407
12411
12415
12419
12423
12427
12431
12435
12439
12443
12447
12451
12455
12459
12463
12467
12471
12475
12479
12483
12487
12491
12495
12499
12503
12507
12511
12515
12519
12523
12527
12531
12535
12539
12543
12547
12551
12555
12559
12563
12567
12571
12575
12579
12583
12587
12591
12595
12599
12603
12607
12611
12615
12619
12623
12627
12631
12635
12639
12643
12647
12651
12655
12659
12663
12667
12671
12675
12679
12683
12687
12691
12695
12699
12703
12707
12711
12715
12719
12723
12727
12731
12735
12739
12743
12747
12751
12755
12759
12763
12767
12771
12775
12779
12783
12787
12791
12795
12799
12803
12807
12811
12815
12819
12823
12827
12831
12835
12839
12843
12847
12851
12855
12859
12863
12867
12871
12875
12879
12883
12887
12891
12895
12899
12903
12907
12911
12915
12919
12923
12927
12931
12935
12939
12943
12947
12951
12955
12959
12963
12967
12971
12975
12979
12983
12987
12991
12995
12999
13003
13007
13011
13015
13019
13023
13027
13031
13035
13039
13043
13047
13051
13055
13059
13063
13067
13071
13075
13079
13083
13087
13091
13095
13099
13103
13107
13111
13115
13119
13123
13127
13131
13135
13139
13143
13147
13151
13155
13159
13163
13167
13171
13175
13179
13183
13187
13191
13195
13199
13203
13207
13211
13215
13219
13223
13227
13231
13235
13239
13243
13247
13251
13255
13259
13263
13267
13271
13275
13279
13283
13287
13291
13295
13299
13303
13307
13311
13315
13319
13323
13327
13331
13335
13339
13343
13347
13351
13355
13359
13363
13367
13371
13375
13379
13383
13387
13391
13395
13399
13403
13407
13411
13415
13419
13423
13427
13431
13435
13439
13443
13447
13451
13455
13459
13463
13467
13471
13475
13479
13483
13487
13491
13495
13499
13503
13507
13511
13515
13519
13523
13527
13531
13535
13539
13543
13547
13551
13555
13559
13563
13567
13571
13575
13579
13583
13587
13591
13595
13599
13603
13607
13611
13615
13619
13623
13627
13631
13635
13639
13643
13647
13651
13655
13659
13663
13667
13671
13675
13679
13683
13687
13691
13695
13699
13703
13707
13711
13715
13719
13723
13727
13731
13735
13739
13743
13747
13751
13755
13759
13763
13767
13771
13775
13779
13783
13787
13791
13795
13799
13803
13807
13811
13815
13819
13823
13827
13831
13835
13839
13843
13847
13851
13855
13859
13863
13867
13871
13875
13879
13883
13887
13891
13895
13899
13903
13907
13911
13915
13919
13923
13927
13931
13935
13939
13943
13947
13951
13955
13959
13963
13967
13971
13975
13979
13983
13987
13991
13995
13999
14003
14007
14011
14015
14019
14023
14027
14031
14035
14039
14043
14047
14051
14055
14059
14063
14067
14071
14075
14079
14083
14087
14091
14095
14099
14103
14107
14111
14115
14119
14123
14127
14131
14135
14139
14143
14147
14151
14155
14159
14163
14167
14171
14175
14179
14183
14187
14191
14195
14199
14203
14207
14211
14215
14219
14223
14227
14231
14235
14239
14243
14247
14251
14255
14259
14263
14267
14271
14275
14279
14283
14287
14291
14295
14299
14303
14307
14311
14315
14319
14323
14327
14331
14335
14339
14343
14347
14351
14355
14359
14363
14367
14371
14375
14379
14383
14387
14391
14395
14399
14403
14407
14411
14415
14419
14423
14427
14431
14435
14439
14443
14447
14451
14455
14459
14463
14467
14471
14475
14479
14483
14487
14491
14495
14499
14503
14507
14511
14515
14519
14523
14527
14531
14535
14539
14543
14547
14551
14555
14559
14563
14567
14571
14575
14579
14583
14587
14591
14595
14599
14603
14607
14611
14615
14619
14623
14627
14631
14635
14639
14643
14647
14651
14655
14659
14663
14667
14671
14675
14679
14683
14687
14691
14695
14699
14703
14707
14711
14715
14719
14723
14727
14731
14735
14739
14743
14747
14751
14755
14759
14763
14767
14771
14775
14779
14783
14787
14791
14795
14799
14803
14807
14811
14815
14819
14823
14827
14831
14835
14839
14843
14847
14851
14855
14859
14863
14867
14871
14875
14879
14883
14887
14891
14895
14899
14903
14907
14911
14915
14919
14923
14927
14931
14935
14939
14943
14947
14951
14955
14959
14963
14967
14971
14975
14979
14983
14987
14991
14995
14999
15003
15007
15011
15015
15019
15023
15027
15031
15035
15039
15043
15047
15051
15055
15059
15063
15067
15071
15075
15079
15083
15087
15091
15095
15099
15103
15107
15111
15115
15119
15123
15127
15131
15135
15139
15143
15147
15151
15155
15159
15163
15167
15171
15175
15179
15183
15187
15191
15195
15199
15203
15207
15211
15215
15219
15223
15227
15231
15235
15239
15243
15247
15251
15255
15259
15263
15267
15271
15275
15279
15283
15287
15291
15295
15299
15303
15307
15311
15315
15319
15323
15327
15331
15335
15339
15343
15347
15351
15355
15359
15363
15367
15371
15375
15379
15383
15387
15391
15395
15399
15403
15407
15411
15415
15419
15423
15427
15431
15435
15439
15443
15447
15451
15455
15459
15463
15467
15471
15475
15479
15483
15487
15491
15495
15499
15503
15507
15511
15515
15519
15523
15527
15531
15535
15539
15543
15547
15551
15555
15559
15563
15567
15571
15575
15579
15583
15587
15591
15595
15599
15603
15607
15611
15615
15619
15623
15627
15631
15635
15639
15643
15647
15651
15655
15659
15663
15667
15671
15675
15679
15683
15687
15691
15695
15699
15703
15707
15711
15715
15719
15723
15727
15731
15735
15739
15743
15747
15751
15755
15759
15763
15767
15771
15775
15779
15783
15787
15791
15795
15799
15803
15807
15811
15815
15819
15823
15827
15831
15835
15839
15843
15847
15851
15855
15859
15863
15867
15871
15875
15879
15883
15887
15891
15895
15899
15903
15907
15911
15915
15919
15923
15927
15931
15935
15939
15943
15947
15951
15955
15959
15963
15967
15971
15975
15979
15983
15987
15991
15995
15999
16003
16007
16011
16015
16019
16023
16027
16031
16035
16039
16043
16047
16051
16055
16059
16063
16067
16071
16075
16079
16083
16087
16091
16095
16099
16103
16107
16111
16115
16119
16123
16127
16131
16135
16139
16143
16147
16151
16155
16159
16163
16167
16171
16175
16179
16183
16187
16191
16195
16199
16203
16207
16211
16215
16219
16223
16227
16231
16235
16239
16243
16247
16251
16255
16259
16263
16267
16271
16275
16279
16283
16287
16291
16295
16299
16303
16307
16311
16315
16319
16323
16327
16331
16335
16339
16343
16347
16351
16355
16359
16363
16367
16371
16375
16379
16383
16387
16391
16395
16399
16403
16407
16411
16415
16419
16423
16427
16431
16435
16439
16443
16447
16451
16455
16459
16463
16467
16471
16475
16479
16483
16487
16491
16495
16499
16503
16507
16511
16515
16519
16523
16527
16531
16535
16539
16543
16547
16551
16555
16559
16563
16567
16571
16575
16579
16583
16587
16591
16595
16599
16603
16607
16611
16615
16619
16623
16627
16631
16635
16639
16643
16647
16651
16655
16659
16663
16667
16671
16675
16679
16683
16687
16691
16695
16699
16703
16707
16711
16715
16719
16723
16727
16731
16735
16739
16743
16747
16751
16755
16759
16763
16767
16771
16775
16779
16783
16787
16791
16795
16799
16803
16807
16811
16815
16819
16823
16827
16831
16835
16839
16843
16847
16851
16855
16859
16863
16867
16871
16875
16879
16883
16887
16891
16895
16899
16903
16907
16911
16915
16919
16923
16927
16931
16935
16939
16943
16947
16951
16955
16959
16963
16967
16971
16975
16979
16983
16987
16991
16995
16999
17003
17007
17011
17015
17019
17023
17027
17031
17035
17039
17043
17047
17051
17055
17059
17063
17067
17071
17075
17079
17083
17087
17091
17095
17099
17103
17107
17111
17115
17119
17123
17127
17131
17135
17139
17143
17147
17151
17155
17159
17163
17167
17171
17175
17179
17183
17187
17191
17195
17199
17203
17207
17211
17215
17219
17223
17227
17231
17235
17239
17243
17247
17251
17255
17259
17263
17267
17271
17275
17279
17283
17287
17291
17295
17299
17303
17307
17311
17315
17319
17323
17327
17331
17335
17339
17343
17347
17351
17355
17359
17363
17367
17371
17375
17379
17383
17387
17391
17395
17399
17403
17407
17411
17415
17419
17423
17427
17431
17435
17439
17443
17447
17451
17455
17459
17463
17467
17471
17475
17479
17483
17487
17491
17495
17499
17503
17507
17511
17515
17519
17523
17527
17531
17535
17539
17543
17547
17551
17555
17559
17563
17567
17571
17575
17579
17583
17587
17591
17595
17599
17603
17607
17611
17615
17619
17623
17627
17631
17635
17639
17643
17647
17651
17655
17659
17663
17667
17671
17675
17679
17683
17687
17691
17695
17699
17703
17707
17711
17715
17719
17723
17727
17731
17735
17739
17743
17747
17751
17755
17759
17763
17767
17771
17775
17779
17783
17787
17791
17795
17799
17803
17807
17811
17815
17819
17823
17827
17831
17835
17839
17843
17847
17851
17855
17859
17863
17867
17871
17875
17879
17883
17887
17891
17895
17899
17903
17907
17911
17915
17919
17923
17927
17931
17935
17939
17943
17947
17951
17955
17959
17963
17967
17971
17975
17979
17983
17987
17991
17995
17999
18003
18007
18011
18015
18019
18023
18027
18031
18035
18039
18043
18047
18051
18055
18059
18063
18067
18071
18075
18079
18083
18087
18091
18095
18099
18103
18107
18111
18115
18119
18123
18127
18131
18135
18139
18143
18147
18151
18155
18159
18163
18167
18171
18175
18179
18183
18187
18191
18195
18199
18203
18207
18211
18215
18219
18223
18227
18231
18235
18239
18243
18247
18251
18255
18259
18263
18267
18271
18275
18279
18283
18287
18291
18295
18299
18303
18307
18311
18315
18319
18323
18327
18331
18335
18339
18343
18347
18351
18355
18359
18363
18367
18371
18375
18379
18383
18387
18391
18395
18399
18403
18407
18411
18415
18419
18423
18427
18431
18435
18439
18443
18447
18451
18455
18459
18463
18467
18471
18475
18479
18483
18487
18491
18495
18499
18503
18507
18511
18515
18519
18523
18527
18531
18535
18539
18543
18547
18551
18555
18559
18563
18567
18571
18575
18579
18583
18587
18591
18595
18599
18603
18607
18611
18615
18619
18623
18627
18631
18635
18639
18643
18647
18651
18655
18659
18663
18667
18671
18675
18679
18683
18687
18691
18695
18699
18703
18707
18711
18715
18719
18723
18727
18731
18735
18739
18743
18747
18751
18755
18759
18763
18767
18771
18775
18779
18783
18787
18791
18795
18799
18803
18807
18811
18815
18819
18823
18827
18831
18835
18839
18843
18847
18851
18855
18859
18863
18867
18871
18875
18879
18883
18887
18891
18895
18899
18903
18907
18911
18915
18919
18923
18927
18931
18935
18939
18943
18947
18951
18955
18959
18963
18967
18971
18975
18979
18983
18987
18991
18995
18999
19003
19007
19011
19015
19019
19023
19027
19031
19035
19039
19043
19047
19051
19055
19059
19063
19067
19071
19075
19079
19083
19087
19091
19095
19099
19103
19107
19111
19115
19119
19123
19127
19131
19135
19139
19143
19147
19151
19155
19159
19163
19167
19171
19175
19179
19183
19187
19191
19195
19199
19203
19207
19211
19215
19219
19223
19227
19231
19235
19239
19243
19247
19251
19255
19259
19263
19267
19271
19275
19279
19283
19287
19291
19295
19299
19303
19307
19311
19315
19319
19323
19327
19331
19335
19339
19343
19347
19351
19355
19359
19363
19367
19371
19375
19379
19383
19387
19391
19395
19399
19403
19407
19411
19415
19419
19423
19427
19431
19435
19439
19443
19447
19451
19455
19459
19463
19467
19471
19475
19479
19483
19487
19491
19495
19499
19503
19507
19511
19515
19519
19523
19527
19531
19535
19539
19543
19547
19551
19555
19559
19563
19567
19571
19575
19579
19583
19587
19591
19595
19599
19603
19607
19611
19615
19619
19623
19627
19631
19635
19639
19643
19647
19651
19655
19659
19663
19667
19671
19675
19679
19683
19687
19691
19695
19699
19703
19707
19711
19715
19719
19723
19727
19731
19735
19739
19743
19747
19751
19755
19759
19763
19767
19771
19775
19779
19783
19787
19791
19795
19799
19803
19807
19811
19815
19819
19823
19827
19831
19835
19839
19843
19847
19851
19855
19859
19863
19867
19871
19875
19879
19883
19887
19891
19895
19899
19903
19907
19911
19915
19919
19923
19927
19931
19935
19939
19943
19947
19951
19955
19959
19963
19967
19971
19975
19979
19983
19987
19991
19995
19999
