5000 100
878 1
1530 2
4278 3
4479 4
3724 5
1988 6
2301 7
2850 8
3519 9
1500 10
1044 11
4407 12
4294 13
1921 14
3504 15
350 16
2338 17
2728 18
3079 19
2571 20
2280 21
4884 22
4216 23
2194 24
790 25
4398 26
896 27
1679 28
3592 29
1403 30
1028 31
2799 32
1187 33
1265 34
686 35
1288 36
4033 37
4728 38
4121 39
156 40
647 41
1871 42
3268 43
914 44
2114 45
1043 46
2156 47
2071 48
2008 49
4878 50
4028 51
3644 52
3119 53
4446 54
390 55
913 56
1826 57
4396 58
2358 59
3717 60
2095 61
4459 62
3805 63
1416 64
4158 65
2008 66
2822 67
3615 68
4290 69
1263 70
783 71
2414 72
1809 73
625 74
4103 75
4415 76
3068 77
378 78
2334 79
2484 80
1841 81
1955 82
1753 83
365 84
4745 85
3478 86
1428 87
4275 88
626 89
1031 90
3609 91
1895 92
739 93
4180 94
2699 95
4837 96
3798 97
580 98
4345 99
2382 100
