5050
1 401
1 402
2 402
1 403
2 403
3 403
1 404
2 404
3 404
4 404
1 405
2 405
3 405
4 405
5 405
1 406
2 406
3 406
4 406
5 406
6 406
1 407
2 407
3 407
4 407
5 407
6 407
7 407
1 408
2 408
3 408
4 408
5 408
6 408
7 408
8 408
1 409
2 409
3 409
4 409
5 409
6 409
7 409
8 409
9 409
1 410
2 410
3 410
4 410
5 410
6 410
7 410
8 410
9 410
10 410
1 411
2 411
3 411
4 411
5 411
6 411
7 411
8 411
9 411
10 411
11 411
1 412
2 412
3 412
4 412
5 412
6 412
7 412
8 412
9 412
10 412
11 412
12 412
1 413
2 413
3 413
4 413
5 413
6 413
7 413
8 413
9 413
10 413
11 413
12 413
13 413
1 414
2 414
3 414
4 414
5 414
6 414
7 414
8 414
9 414
10 414
11 414
12 414
13 414
14 414
1 415
2 415
3 415
4 415
5 415
6 415
7 415
8 415
9 415
10 415
11 415
12 415
13 415
14 415
15 415
1 416
2 416
3 416
4 416
5 416
6 416
7 416
8 416
9 416
10 416
11 416
12 416
13 416
14 416
15 416
16 416
1 417
2 417
3 417
4 417
5 417
6 417
7 417
8 417
9 417
10 417
11 417
12 417
13 417
14 417
15 417
16 417
17 417
1 418
2 418
3 418
4 418
5 418
6 418
7 418
8 418
9 418
10 418
11 418
12 418
13 418
14 418
15 418
16 418
17 418
18 418
1 419
2 419
3 419
4 419
5 419
6 419
7 419
8 419
9 419
10 419
11 419
12 419
13 419
14 419
15 419
16 419
17 419
18 419
19 419
1 420
2 420
3 420
4 420
5 420
6 420
7 420
8 420
9 420
10 420
11 420
12 420
13 420
14 420
15 420
16 420
17 420
18 420
19 420
20 420
1 421
2 421
3 421
4 421
5 421
6 421
7 421
8 421
9 421
10 421
11 421
12 421
13 421
14 421
15 421
16 421
17 421
18 421
19 421
20 421
21 421
1 422
2 422
3 422
4 422
5 422
6 422
7 422
8 422
9 422
10 422
11 422
12 422
13 422
14 422
15 422
16 422
17 422
18 422
19 422
20 422
21 422
22 422
1 423
2 423
3 423
4 423
5 423
6 423
7 423
8 423
9 423
10 423
11 423
12 423
13 423
14 423
15 423
16 423
17 423
18 423
19 423
20 423
21 423
22 423
23 423
1 424
2 424
3 424
4 424
5 424
6 424
7 424
8 424
9 424
10 424
11 424
12 424
13 424
14 424
15 424
16 424
17 424
18 424
19 424
20 424
21 424
22 424
23 424
24 424
1 425
2 425
3 425
4 425
5 425
6 425
7 425
8 425
9 425
10 425
11 425
12 425
13 425
14 425
15 425
16 425
17 425
18 425
19 425
20 425
21 425
22 425
23 425
24 425
25 425
1 426
2 426
3 426
4 426
5 426
6 426
7 426
8 426
9 426
10 426
11 426
12 426
13 426
14 426
15 426
16 426
17 426
18 426
19 426
20 426
21 426
22 426
23 426
24 426
25 426
26 426
1 427
2 427
3 427
4 427
5 427
6 427
7 427
8 427
9 427
10 427
11 427
12 427
13 427
14 427
15 427
16 427
17 427
18 427
19 427
20 427
21 427
22 427
23 427
24 427
25 427
26 427
27 427
1 428
2 428
3 428
4 428
5 428
6 428
7 428
8 428
9 428
10 428
11 428
12 428
13 428
14 428
15 428
16 428
17 428
18 428
19 428
20 428
21 428
22 428
23 428
24 428
25 428
26 428
27 428
28 428
1 429
2 429
3 429
4 429
5 429
6 429
7 429
8 429
9 429
10 429
11 429
12 429
13 429
14 429
15 429
16 429
17 429
18 429
19 429
20 429
21 429
22 429
23 429
24 429
25 429
26 429
27 429
28 429
29 429
1 430
2 430
3 430
4 430
5 430
6 430
7 430
8 430
9 430
10 430
11 430
12 430
13 430
14 430
15 430
16 430
17 430
18 430
19 430
20 430
21 430
22 430
23 430
24 430
25 430
26 430
27 430
28 430
29 430
30 430
1 431
2 431
3 431
4 431
5 431
6 431
7 431
8 431
9 431
10 431
11 431
12 431
13 431
14 431
15 431
16 431
17 431
18 431
19 431
20 431
21 431
22 431
23 431
24 431
25 431
26 431
27 431
28 431
29 431
30 431
31 431
1 432
2 432
3 432
4 432
5 432
6 432
7 432
8 432
9 432
10 432
11 432
12 432
13 432
14 432
15 432
16 432
17 432
18 432
19 432
20 432
21 432
22 432
23 432
24 432
25 432
26 432
27 432
28 432
29 432
30 432
31 432
32 432
1 433
2 433
3 433
4 433
5 433
6 433
7 433
8 433
9 433
10 433
11 433
12 433
13 433
14 433
15 433
16 433
17 433
18 433
19 433
20 433
21 433
22 433
23 433
24 433
25 433
26 433
27 433
28 433
29 433
30 433
31 433
32 433
33 433
1 434
2 434
3 434
4 434
5 434
6 434
7 434
8 434
9 434
10 434
11 434
12 434
13 434
14 434
15 434
16 434
17 434
18 434
19 434
20 434
21 434
22 434
23 434
24 434
25 434
26 434
27 434
28 434
29 434
30 434
31 434
32 434
33 434
34 434
1 435
2 435
3 435
4 435
5 435
6 435
7 435
8 435
9 435
10 435
11 435
12 435
13 435
14 435
15 435
16 435
17 435
18 435
19 435
20 435
21 435
22 435
23 435
24 435
25 435
26 435
27 435
28 435
29 435
30 435
31 435
32 435
33 435
34 435
35 435
1 436
2 436
3 436
4 436
5 436
6 436
7 436
8 436
9 436
10 436
11 436
12 436
13 436
14 436
15 436
16 436
17 436
18 436
19 436
20 436
21 436
22 436
23 436
24 436
25 436
26 436
27 436
28 436
29 436
30 436
31 436
32 436
33 436
34 436
35 436
36 436
1 437
2 437
3 437
4 437
5 437
6 437
7 437
8 437
9 437
10 437
11 437
12 437
13 437
14 437
15 437
16 437
17 437
18 437
19 437
20 437
21 437
22 437
23 437
24 437
25 437
26 437
27 437
28 437
29 437
30 437
31 437
32 437
33 437
34 437
35 437
36 437
37 437
1 438
2 438
3 438
4 438
5 438
6 438
7 438
8 438
9 438
10 438
11 438
12 438
13 438
14 438
15 438
16 438
17 438
18 438
19 438
20 438
21 438
22 438
23 438
24 438
25 438
26 438
27 438
28 438
29 438
30 438
31 438
32 438
33 438
34 438
35 438
36 438
37 438
38 438
1 439
2 439
3 439
4 439
5 439
6 439
7 439
8 439
9 439
10 439
11 439
12 439
13 439
14 439
15 439
16 439
17 439
18 439
19 439
20 439
21 439
22 439
23 439
24 439
25 439
26 439
27 439
28 439
29 439
30 439
31 439
32 439
33 439
34 439
35 439
36 439
37 439
38 439
39 439
1 440
2 440
3 440
4 440
5 440
6 440
7 440
8 440
9 440
10 440
11 440
12 440
13 440
14 440
15 440
16 440
17 440
18 440
19 440
20 440
21 440
22 440
23 440
24 440
25 440
26 440
27 440
28 440
29 440
30 440
31 440
32 440
33 440
34 440
35 440
36 440
37 440
38 440
39 440
40 440
1 441
2 441
3 441
4 441
5 441
6 441
7 441
8 441
9 441
10 441
11 441
12 441
13 441
14 441
15 441
16 441
17 441
18 441
19 441
20 441
21 441
22 441
23 441
24 441
25 441
26 441
27 441
28 441
29 441
30 441
31 441
32 441
33 441
34 441
35 441
36 441
37 441
38 441
39 441
40 441
41 441
1 442
2 442
3 442
4 442
5 442
6 442
7 442
8 442
9 442
10 442
11 442
12 442
13 442
14 442
15 442
16 442
17 442
18 442
19 442
20 442
21 442
22 442
23 442
24 442
25 442
26 442
27 442
28 442
29 442
30 442
31 442
32 442
33 442
34 442
35 442
36 442
37 442
38 442
39 442
40 442
41 442
42 442
1 443
2 443
3 443
4 443
5 443
6 443
7 443
8 443
9 443
10 443
11 443
12 443
13 443
14 443
15 443
16 443
17 443
18 443
19 443
20 443
21 443
22 443
23 443
24 443
25 443
26 443
27 443
28 443
29 443
30 443
31 443
32 443
33 443
34 443
35 443
36 443
37 443
38 443
39 443
40 443
41 443
42 443
43 443
1 444
2 444
3 444
4 444
5 444
6 444
7 444
8 444
9 444
10 444
11 444
12 444
13 444
14 444
15 444
16 444
17 444
18 444
19 444
20 444
21 444
22 444
23 444
24 444
25 444
26 444
27 444
28 444
29 444
30 444
31 444
32 444
33 444
34 444
35 444
36 444
37 444
38 444
39 444
40 444
41 444
42 444
43 444
44 444
1 445
2 445
3 445
4 445
5 445
6 445
7 445
8 445
9 445
10 445
11 445
12 445
13 445
14 445
15 445
16 445
17 445
18 445
19 445
20 445
21 445
22 445
23 445
24 445
25 445
26 445
27 445
28 445
29 445
30 445
31 445
32 445
33 445
34 445
35 445
36 445
37 445
38 445
39 445
40 445
41 445
42 445
43 445
44 445
45 445
1 446
2 446
3 446
4 446
5 446
6 446
7 446
8 446
9 446
10 446
11 446
12 446
13 446
14 446
15 446
16 446
17 446
18 446
19 446
20 446
21 446
22 446
23 446
24 446
25 446
26 446
27 446
28 446
29 446
30 446
31 446
32 446
33 446
34 446
35 446
36 446
37 446
38 446
39 446
40 446
41 446
42 446
43 446
44 446
45 446
46 446
1 447
2 447
3 447
4 447
5 447
6 447
7 447
8 447
9 447
10 447
11 447
12 447
13 447
14 447
15 447
16 447
17 447
18 447
19 447
20 447
21 447
22 447
23 447
24 447
25 447
26 447
27 447
28 447
29 447
30 447
31 447
32 447
33 447
34 447
35 447
36 447
37 447
38 447
39 447
40 447
41 447
42 447
43 447
44 447
45 447
46 447
47 447
1 448
2 448
3 448
4 448
5 448
6 448
7 448
8 448
9 448
10 448
11 448
12 448
13 448
14 448
15 448
16 448
17 448
18 448
19 448
20 448
21 448
22 448
23 448
24 448
25 448
26 448
27 448
28 448
29 448
30 448
31 448
32 448
33 448
34 448
35 448
36 448
37 448
38 448
39 448
40 448
41 448
42 448
43 448
44 448
45 448
46 448
47 448
48 448
1 449
2 449
3 449
4 449
5 449
6 449
7 449
8 449
9 449
10 449
11 449
12 449
13 449
14 449
15 449
16 449
17 449
18 449
19 449
20 449
21 449
22 449
23 449
24 449
25 449
26 449
27 449
28 449
29 449
30 449
31 449
32 449
33 449
34 449
35 449
36 449
37 449
38 449
39 449
40 449
41 449
42 449
43 449
44 449
45 449
46 449
47 449
48 449
49 449
1 450
2 450
3 450
4 450
5 450
6 450
7 450
8 450
9 450
10 450
11 450
12 450
13 450
14 450
15 450
16 450
17 450
18 450
19 450
20 450
21 450
22 450
23 450
24 450
25 450
26 450
27 450
28 450
29 450
30 450
31 450
32 450
33 450
34 450
35 450
36 450
37 450
38 450
39 450
40 450
41 450
42 450
43 450
44 450
45 450
46 450
47 450
48 450
49 450
50 450
1 451
2 451
3 451
4 451
5 451
6 451
7 451
8 451
9 451
10 451
11 451
12 451
13 451
14 451
15 451
16 451
17 451
18 451
19 451
20 451
21 451
22 451
23 451
24 451
25 451
26 451
27 451
28 451
29 451
30 451
31 451
32 451
33 451
34 451
35 451
36 451
37 451
38 451
39 451
40 451
41 451
42 451
43 451
44 451
45 451
46 451
47 451
48 451
49 451
50 451
51 451
1 452
2 452
3 452
4 452
5 452
6 452
7 452
8 452
9 452
10 452
11 452
12 452
13 452
14 452
15 452
16 452
17 452
18 452
19 452
20 452
21 452
22 452
23 452
24 452
25 452
26 452
27 452
28 452
29 452
30 452
31 452
32 452
33 452
34 452
35 452
36 452
37 452
38 452
39 452
40 452
41 452
42 452
43 452
44 452
45 452
46 452
47 452
48 452
49 452
50 452
51 452
52 452
1 453
2 453
3 453
4 453
5 453
6 453
7 453
8 453
9 453
10 453
11 453
12 453
13 453
14 453
15 453
16 453
17 453
18 453
19 453
20 453
21 453
22 453
23 453
24 453
25 453
26 453
27 453
28 453
29 453
30 453
31 453
32 453
33 453
34 453
35 453
36 453
37 453
38 453
39 453
40 453
41 453
42 453
43 453
44 453
45 453
46 453
47 453
48 453
49 453
50 453
51 453
52 453
53 453
1 454
2 454
3 454
4 454
5 454
6 454
7 454
8 454
9 454
10 454
11 454
12 454
13 454
14 454
15 454
16 454
17 454
18 454
19 454
20 454
21 454
22 454
23 454
24 454
25 454
26 454
27 454
28 454
29 454
30 454
31 454
32 454
33 454
34 454
35 454
36 454
37 454
38 454
39 454
40 454
41 454
42 454
43 454
44 454
45 454
46 454
47 454
48 454
49 454
50 454
51 454
52 454
53 454
54 454
1 455
2 455
3 455
4 455
5 455
6 455
7 455
8 455
9 455
10 455
11 455
12 455
13 455
14 455
15 455
16 455
17 455
18 455
19 455
20 455
21 455
22 455
23 455
24 455
25 455
26 455
27 455
28 455
29 455
30 455
31 455
32 455
33 455
34 455
35 455
36 455
37 455
38 455
39 455
40 455
41 455
42 455
43 455
44 455
45 455
46 455
47 455
48 455
49 455
50 455
51 455
52 455
53 455
54 455
55 455
1 456
2 456
3 456
4 456
5 456
6 456
7 456
8 456
9 456
10 456
11 456
12 456
13 456
14 456
15 456
16 456
17 456
18 456
19 456
20 456
21 456
22 456
23 456
24 456
25 456
26 456
27 456
28 456
29 456
30 456
31 456
32 456
33 456
34 456
35 456
36 456
37 456
38 456
39 456
40 456
41 456
42 456
43 456
44 456
45 456
46 456
47 456
48 456
49 456
50 456
51 456
52 456
53 456
54 456
55 456
56 456
1 457
2 457
3 457
4 457
5 457
6 457
7 457
8 457
9 457
10 457
11 457
12 457
13 457
14 457
15 457
16 457
17 457
18 457
19 457
20 457
21 457
22 457
23 457
24 457
25 457
26 457
27 457
28 457
29 457
30 457
31 457
32 457
33 457
34 457
35 457
36 457
37 457
38 457
39 457
40 457
41 457
42 457
43 457
44 457
45 457
46 457
47 457
48 457
49 457
50 457
51 457
52 457
53 457
54 457
55 457
56 457
57 457
1 458
2 458
3 458
4 458
5 458
6 458
7 458
8 458
9 458
10 458
11 458
12 458
13 458
14 458
15 458
16 458
17 458
18 458
19 458
20 458
21 458
22 458
23 458
24 458
25 458
26 458
27 458
28 458
29 458
30 458
31 458
32 458
33 458
34 458
35 458
36 458
37 458
38 458
39 458
40 458
41 458
42 458
43 458
44 458
45 458
46 458
47 458
48 458
49 458
50 458
51 458
52 458
53 458
54 458
55 458
56 458
57 458
58 458
1 459
2 459
3 459
4 459
5 459
6 459
7 459
8 459
9 459
10 459
11 459
12 459
13 459
14 459
15 459
16 459
17 459
18 459
19 459
20 459
21 459
22 459
23 459
24 459
25 459
26 459
27 459
28 459
29 459
30 459
31 459
32 459
33 459
34 459
35 459
36 459
37 459
38 459
39 459
40 459
41 459
42 459
43 459
44 459
45 459
46 459
47 459
48 459
49 459
50 459
51 459
52 459
53 459
54 459
55 459
56 459
57 459
58 459
59 459
1 460
2 460
3 460
4 460
5 460
6 460
7 460
8 460
9 460
10 460
11 460
12 460
13 460
14 460
15 460
16 460
17 460
18 460
19 460
20 460
21 460
22 460
23 460
24 460
25 460
26 460
27 460
28 460
29 460
30 460
31 460
32 460
33 460
34 460
35 460
36 460
37 460
38 460
39 460
40 460
41 460
42 460
43 460
44 460
45 460
46 460
47 460
48 460
49 460
50 460
51 460
52 460
53 460
54 460
55 460
56 460
57 460
58 460
59 460
60 460
1 461
2 461
3 461
4 461
5 461
6 461
7 461
8 461
9 461
10 461
11 461
12 461
13 461
14 461
15 461
16 461
17 461
18 461
19 461
20 461
21 461
22 461
23 461
24 461
25 461
26 461
27 461
28 461
29 461
30 461
31 461
32 461
33 461
34 461
35 461
36 461
37 461
38 461
39 461
40 461
41 461
42 461
43 461
44 461
45 461
46 461
47 461
48 461
49 461
50 461
51 461
52 461
53 461
54 461
55 461
56 461
57 461
58 461
59 461
60 461
61 461
1 462
2 462
3 462
4 462
5 462
6 462
7 462
8 462
9 462
10 462
11 462
12 462
13 462
14 462
15 462
16 462
17 462
18 462
19 462
20 462
21 462
22 462
23 462
24 462
25 462
26 462
27 462
28 462
29 462
30 462
31 462
32 462
33 462
34 462
35 462
36 462
37 462
38 462
39 462
40 462
41 462
42 462
43 462
44 462
45 462
46 462
47 462
48 462
49 462
50 462
51 462
52 462
53 462
54 462
55 462
56 462
57 462
58 462
59 462
60 462
61 462
62 462
1 463
2 463
3 463
4 463
5 463
6 463
7 463
8 463
9 463
10 463
11 463
12 463
13 463
14 463
15 463
16 463
17 463
18 463
19 463
20 463
21 463
22 463
23 463
24 463
25 463
26 463
27 463
28 463
29 463
30 463
31 463
32 463
33 463
34 463
35 463
36 463
37 463
38 463
39 463
40 463
41 463
42 463
43 463
44 463
45 463
46 463
47 463
48 463
49 463
50 463
51 463
52 463
53 463
54 463
55 463
56 463
57 463
58 463
59 463
60 463
61 463
62 463
63 463
1 464
2 464
3 464
4 464
5 464
6 464
7 464
8 464
9 464
10 464
11 464
12 464
13 464
14 464
15 464
16 464
17 464
18 464
19 464
20 464
21 464
22 464
23 464
24 464
25 464
26 464
27 464
28 464
29 464
30 464
31 464
32 464
33 464
34 464
35 464
36 464
37 464
38 464
39 464
40 464
41 464
42 464
43 464
44 464
45 464
46 464
47 464
48 464
49 464
50 464
51 464
52 464
53 464
54 464
55 464
56 464
57 464
58 464
59 464
60 464
61 464
62 464
63 464
64 464
1 465
2 465
3 465
4 465
5 465
6 465
7 465
8 465
9 465
10 465
11 465
12 465
13 465
14 465
15 465
16 465
17 465
18 465
19 465
20 465
21 465
22 465
23 465
24 465
25 465
26 465
27 465
28 465
29 465
30 465
31 465
32 465
33 465
34 465
35 465
36 465
37 465
38 465
39 465
40 465
41 465
42 465
43 465
44 465
45 465
46 465
47 465
48 465
49 465
50 465
51 465
52 465
53 465
54 465
55 465
56 465
57 465
58 465
59 465
60 465
61 465
62 465
63 465
64 465
65 465
1 466
2 466
3 466
4 466
5 466
6 466
7 466
8 466
9 466
10 466
11 466
12 466
13 466
14 466
15 466
16 466
17 466
18 466
19 466
20 466
21 466
22 466
23 466
24 466
25 466
26 466
27 466
28 466
29 466
30 466
31 466
32 466
33 466
34 466
35 466
36 466
37 466
38 466
39 466
40 466
41 466
42 466
43 466
44 466
45 466
46 466
47 466
48 466
49 466
50 466
51 466
52 466
53 466
54 466
55 466
56 466
57 466
58 466
59 466
60 466
61 466
62 466
63 466
64 466
65 466
66 466
1 467
2 467
3 467
4 467
5 467
6 467
7 467
8 467
9 467
10 467
11 467
12 467
13 467
14 467
15 467
16 467
17 467
18 467
19 467
20 467
21 467
22 467
23 467
24 467
25 467
26 467
27 467
28 467
29 467
30 467
31 467
32 467
33 467
34 467
35 467
36 467
37 467
38 467
39 467
40 467
41 467
42 467
43 467
44 467
45 467
46 467
47 467
48 467
49 467
50 467
51 467
52 467
53 467
54 467
55 467
56 467
57 467
58 467
59 467
60 467
61 467
62 467
63 467
64 467
65 467
66 467
67 467
1 468
2 468
3 468
4 468
5 468
6 468
7 468
8 468
9 468
10 468
11 468
12 468
13 468
14 468
15 468
16 468
17 468
18 468
19 468
20 468
21 468
22 468
23 468
24 468
25 468
26 468
27 468
28 468
29 468
30 468
31 468
32 468
33 468
34 468
35 468
36 468
37 468
38 468
39 468
40 468
41 468
42 468
43 468
44 468
45 468
46 468
47 468
48 468
49 468
50 468
51 468
52 468
53 468
54 468
55 468
56 468
57 468
58 468
59 468
60 468
61 468
62 468
63 468
64 468
65 468
66 468
67 468
68 468
1 469
2 469
3 469
4 469
5 469
6 469
7 469
8 469
9 469
10 469
11 469
12 469
13 469
14 469
15 469
16 469
17 469
18 469
19 469
20 469
21 469
22 469
23 469
24 469
25 469
26 469
27 469
28 469
29 469
30 469
31 469
32 469
33 469
34 469
35 469
36 469
37 469
38 469
39 469
40 469
41 469
42 469
43 469
44 469
45 469
46 469
47 469
48 469
49 469
50 469
51 469
52 469
53 469
54 469
55 469
56 469
57 469
58 469
59 469
60 469
61 469
62 469
63 469
64 469
65 469
66 469
67 469
68 469
69 469
1 470
2 470
3 470
4 470
5 470
6 470
7 470
8 470
9 470
10 470
11 470
12 470
13 470
14 470
15 470
16 470
17 470
18 470
19 470
20 470
21 470
22 470
23 470
24 470
25 470
26 470
27 470
28 470
29 470
30 470
31 470
32 470
33 470
34 470
35 470
36 470
37 470
38 470
39 470
40 470
41 470
42 470
43 470
44 470
45 470
46 470
47 470
48 470
49 470
50 470
51 470
52 470
53 470
54 470
55 470
56 470
57 470
58 470
59 470
60 470
61 470
62 470
63 470
64 470
65 470
66 470
67 470
68 470
69 470
70 470
1 471
2 471
3 471
4 471
5 471
6 471
7 471
8 471
9 471
10 471
11 471
12 471
13 471
14 471
15 471
16 471
17 471
18 471
19 471
20 471
21 471
22 471
23 471
24 471
25 471
26 471
27 471
28 471
29 471
30 471
31 471
32 471
33 471
34 471
35 471
36 471
37 471
38 471
39 471
40 471
41 471
42 471
43 471
44 471
45 471
46 471
47 471
48 471
49 471
50 471
51 471
52 471
53 471
54 471
55 471
56 471
57 471
58 471
59 471
60 471
61 471
62 471
63 471
64 471
65 471
66 471
67 471
68 471
69 471
70 471
71 471
1 472
2 472
3 472
4 472
5 472
6 472
7 472
8 472
9 472
10 472
11 472
12 472
13 472
14 472
15 472
16 472
17 472
18 472
19 472
20 472
21 472
22 472
23 472
24 472
25 472
26 472
27 472
28 472
29 472
30 472
31 472
32 472
33 472
34 472
35 472
36 472
37 472
38 472
39 472
40 472
41 472
42 472
43 472
44 472
45 472
46 472
47 472
48 472
49 472
50 472
51 472
52 472
53 472
54 472
55 472
56 472
57 472
58 472
59 472
60 472
61 472
62 472
63 472
64 472
65 472
66 472
67 472
68 472
69 472
70 472
71 472
72 472
1 473
2 473
3 473
4 473
5 473
6 473
7 473
8 473
9 473
10 473
11 473
12 473
13 473
14 473
15 473
16 473
17 473
18 473
19 473
20 473
21 473
22 473
23 473
24 473
25 473
26 473
27 473
28 473
29 473
30 473
31 473
32 473
33 473
34 473
35 473
36 473
37 473
38 473
39 473
40 473
41 473
42 473
43 473
44 473
45 473
46 473
47 473
48 473
49 473
50 473
51 473
52 473
53 473
54 473
55 473
56 473
57 473
58 473
59 473
60 473
61 473
62 473
63 473
64 473
65 473
66 473
67 473
68 473
69 473
70 473
71 473
72 473
73 473
1 474
2 474
3 474
4 474
5 474
6 474
7 474
8 474
9 474
10 474
11 474
12 474
13 474
14 474
15 474
16 474
17 474
18 474
19 474
20 474
21 474
22 474
23 474
24 474
25 474
26 474
27 474
28 474
29 474
30 474
31 474
32 474
33 474
34 474
35 474
36 474
37 474
38 474
39 474
40 474
41 474
42 474
43 474
44 474
45 474
46 474
47 474
48 474
49 474
50 474
51 474
52 474
53 474
54 474
55 474
56 474
57 474
58 474
59 474
60 474
61 474
62 474
63 474
64 474
65 474
66 474
67 474
68 474
69 474
70 474
71 474
72 474
73 474
74 474
1 475
2 475
3 475
4 475
5 475
6 475
7 475
8 475
9 475
10 475
11 475
12 475
13 475
14 475
15 475
16 475
17 475
18 475
19 475
20 475
21 475
22 475
23 475
24 475
25 475
26 475
27 475
28 475
29 475
30 475
31 475
32 475
33 475
34 475
35 475
36 475
37 475
38 475
39 475
40 475
41 475
42 475
43 475
44 475
45 475
46 475
47 475
48 475
49 475
50 475
51 475
52 475
53 475
54 475
55 475
56 475
57 475
58 475
59 475
60 475
61 475
62 475
63 475
64 475
65 475
66 475
67 475
68 475
69 475
70 475
71 475
72 475
73 475
74 475
75 475
1 476
2 476
3 476
4 476
5 476
6 476
7 476
8 476
9 476
10 476
11 476
12 476
13 476
14 476
15 476
16 476
17 476
18 476
19 476
20 476
21 476
22 476
23 476
24 476
25 476
26 476
27 476
28 476
29 476
30 476
31 476
32 476
33 476
34 476
35 476
36 476
37 476
38 476
39 476
40 476
41 476
42 476
43 476
44 476
45 476
46 476
47 476
48 476
49 476
50 476
51 476
52 476
53 476
54 476
55 476
56 476
57 476
58 476
59 476
60 476
61 476
62 476
63 476
64 476
65 476
66 476
67 476
68 476
69 476
70 476
71 476
72 476
73 476
74 476
75 476
76 476
1 477
2 477
3 477
4 477
5 477
6 477
7 477
8 477
9 477
10 477
11 477
12 477
13 477
14 477
15 477
16 477
17 477
18 477
19 477
20 477
21 477
22 477
23 477
24 477
25 477
26 477
27 477
28 477
29 477
30 477
31 477
32 477
33 477
34 477
35 477
36 477
37 477
38 477
39 477
40 477
41 477
42 477
43 477
44 477
45 477
46 477
47 477
48 477
49 477
50 477
51 477
52 477
53 477
54 477
55 477
56 477
57 477
58 477
59 477
60 477
61 477
62 477
63 477
64 477
65 477
66 477
67 477
68 477
69 477
70 477
71 477
72 477
73 477
74 477
75 477
76 477
77 477
1 478
2 478
3 478
4 478
5 478
6 478
7 478
8 478
9 478
10 478
11 478
12 478
13 478
14 478
15 478
16 478
17 478
18 478
19 478
20 478
21 478
22 478
23 478
24 478
25 478
26 478
27 478
28 478
29 478
30 478
31 478
32 478
33 478
34 478
35 478
36 478
37 478
38 478
39 478
40 478
41 478
42 478
43 478
44 478
45 478
46 478
47 478
48 478
49 478
50 478
51 478
52 478
53 478
54 478
55 478
56 478
57 478
58 478
59 478
60 478
61 478
62 478
63 478
64 478
65 478
66 478
67 478
68 478
69 478
70 478
71 478
72 478
73 478
74 478
75 478
76 478
77 478
78 478
1 479
2 479
3 479
4 479
5 479
6 479
7 479
8 479
9 479
10 479
11 479
12 479
13 479
14 479
15 479
16 479
17 479
18 479
19 479
20 479
21 479
22 479
23 479
24 479
25 479
26 479
27 479
28 479
29 479
30 479
31 479
32 479
33 479
34 479
35 479
36 479
37 479
38 479
39 479
40 479
41 479
42 479
43 479
44 479
45 479
46 479
47 479
48 479
49 479
50 479
51 479
52 479
53 479
54 479
55 479
56 479
57 479
58 479
59 479
60 479
61 479
62 479
63 479
64 479
65 479
66 479
67 479
68 479
69 479
70 479
71 479
72 479
73 479
74 479
75 479
76 479
77 479
78 479
79 479
1 480
2 480
3 480
4 480
5 480
6 480
7 480
8 480
9 480
10 480
11 480
12 480
13 480
14 480
15 480
16 480
17 480
18 480
19 480
20 480
21 480
22 480
23 480
24 480
25 480
26 480
27 480
28 480
29 480
30 480
31 480
32 480
33 480
34 480
35 480
36 480
37 480
38 480
39 480
40 480
41 480
42 480
43 480
44 480
45 480
46 480
47 480
48 480
49 480
50 480
51 480
52 480
53 480
54 480
55 480
56 480
57 480
58 480
59 480
60 480
61 480
62 480
63 480
64 480
65 480
66 480
67 480
68 480
69 480
70 480
71 480
72 480
73 480
74 480
75 480
76 480
77 480
78 480
79 480
80 480
1 481
2 481
3 481
4 481
5 481
6 481
7 481
8 481
9 481
10 481
11 481
12 481
13 481
14 481
15 481
16 481
17 481
18 481
19 481
20 481
21 481
22 481
23 481
24 481
25 481
26 481
27 481
28 481
29 481
30 481
31 481
32 481
33 481
34 481
35 481
36 481
37 481
38 481
39 481
40 481
41 481
42 481
43 481
44 481
45 481
46 481
47 481
48 481
49 481
50 481
51 481
52 481
53 481
54 481
55 481
56 481
57 481
58 481
59 481
60 481
61 481
62 481
63 481
64 481
65 481
66 481
67 481
68 481
69 481
70 481
71 481
72 481
73 481
74 481
75 481
76 481
77 481
78 481
79 481
80 481
81 481
1 482
2 482
3 482
4 482
5 482
6 482
7 482
8 482
9 482
10 482
11 482
12 482
13 482
14 482
15 482
16 482
17 482
18 482
19 482
20 482
21 482
22 482
23 482
24 482
25 482
26 482
27 482
28 482
29 482
30 482
31 482
32 482
33 482
34 482
35 482
36 482
37 482
38 482
39 482
40 482
41 482
42 482
43 482
44 482
45 482
46 482
47 482
48 482
49 482
50 482
51 482
52 482
53 482
54 482
55 482
56 482
57 482
58 482
59 482
60 482
61 482
62 482
63 482
64 482
65 482
66 482
67 482
68 482
69 482
70 482
71 482
72 482
73 482
74 482
75 482
76 482
77 482
78 482
79 482
80 482
81 482
82 482
1 483
2 483
3 483
4 483
5 483
6 483
7 483
8 483
9 483
10 483
11 483
12 483
13 483
14 483
15 483
16 483
17 483
18 483
19 483
20 483
21 483
22 483
23 483
24 483
25 483
26 483
27 483
28 483
29 483
30 483
31 483
32 483
33 483
34 483
35 483
36 483
37 483
38 483
39 483
40 483
41 483
42 483
43 483
44 483
45 483
46 483
47 483
48 483
49 483
50 483
51 483
52 483
53 483
54 483
55 483
56 483
57 483
58 483
59 483
60 483
61 483
62 483
63 483
64 483
65 483
66 483
67 483
68 483
69 483
70 483
71 483
72 483
73 483
74 483
75 483
76 483
77 483
78 483
79 483
80 483
81 483
82 483
83 483
1 484
2 484
3 484
4 484
5 484
6 484
7 484
8 484
9 484
10 484
11 484
12 484
13 484
14 484
15 484
16 484
17 484
18 484
19 484
20 484
21 484
22 484
23 484
24 484
25 484
26 484
27 484
28 484
29 484
30 484
31 484
32 484
33 484
34 484
35 484
36 484
37 484
38 484
39 484
40 484
41 484
42 484
43 484
44 484
45 484
46 484
47 484
48 484
49 484
50 484
51 484
52 484
53 484
54 484
55 484
56 484
57 484
58 484
59 484
60 484
61 484
62 484
63 484
64 484
65 484
66 484
67 484
68 484
69 484
70 484
71 484
72 484
73 484
74 484
75 484
76 484
77 484
78 484
79 484
80 484
81 484
82 484
83 484
84 484
1 485
2 485
3 485
4 485
5 485
6 485
7 485
8 485
9 485
10 485
11 485
12 485
13 485
14 485
15 485
16 485
17 485
18 485
19 485
20 485
21 485
22 485
23 485
24 485
25 485
26 485
27 485
28 485
29 485
30 485
31 485
32 485
33 485
34 485
35 485
36 485
37 485
38 485
39 485
40 485
41 485
42 485
43 485
44 485
45 485
46 485
47 485
48 485
49 485
50 485
51 485
52 485
53 485
54 485
55 485
56 485
57 485
58 485
59 485
60 485
61 485
62 485
63 485
64 485
65 485
66 485
67 485
68 485
69 485
70 485
71 485
72 485
73 485
74 485
75 485
76 485
77 485
78 485
79 485
80 485
81 485
82 485
83 485
84 485
85 485
1 486
2 486
3 486
4 486
5 486
6 486
7 486
8 486
9 486
10 486
11 486
12 486
13 486
14 486
15 486
16 486
17 486
18 486
19 486
20 486
21 486
22 486
23 486
24 486
25 486
26 486
27 486
28 486
29 486
30 486
31 486
32 486
33 486
34 486
35 486
36 486
37 486
38 486
39 486
40 486
41 486
42 486
43 486
44 486
45 486
46 486
47 486
48 486
49 486
50 486
51 486
52 486
53 486
54 486
55 486
56 486
57 486
58 486
59 486
60 486
61 486
62 486
63 486
64 486
65 486
66 486
67 486
68 486
69 486
70 486
71 486
72 486
73 486
74 486
75 486
76 486
77 486
78 486
79 486
80 486
81 486
82 486
83 486
84 486
85 486
86 486
1 487
2 487
3 487
4 487
5 487
6 487
7 487
8 487
9 487
10 487
11 487
12 487
13 487
14 487
15 487
16 487
17 487
18 487
19 487
20 487
21 487
22 487
23 487
24 487
25 487
26 487
27 487
28 487
29 487
30 487
31 487
32 487
33 487
34 487
35 487
36 487
37 487
38 487
39 487
40 487
41 487
42 487
43 487
44 487
45 487
46 487
47 487
48 487
49 487
50 487
51 487
52 487
53 487
54 487
55 487
56 487
57 487
58 487
59 487
60 487
61 487
62 487
63 487
64 487
65 487
66 487
67 487
68 487
69 487
70 487
71 487
72 487
73 487
74 487
75 487
76 487
77 487
78 487
79 487
80 487
81 487
82 487
83 487
84 487
85 487
86 487
87 487
1 488
2 488
3 488
4 488
5 488
6 488
7 488
8 488
9 488
10 488
11 488
12 488
13 488
14 488
15 488
16 488
17 488
18 488
19 488
20 488
21 488
22 488
23 488
24 488
25 488
26 488
27 488
28 488
29 488
30 488
31 488
32 488
33 488
34 488
35 488
36 488
37 488
38 488
39 488
40 488
41 488
42 488
43 488
44 488
45 488
46 488
47 488
48 488
49 488
50 488
51 488
52 488
53 488
54 488
55 488
56 488
57 488
58 488
59 488
60 488
61 488
62 488
63 488
64 488
65 488
66 488
67 488
68 488
69 488
70 488
71 488
72 488
73 488
74 488
75 488
76 488
77 488
78 488
79 488
80 488
81 488
82 488
83 488
84 488
85 488
86 488
87 488
88 488
1 489
2 489
3 489
4 489
5 489
6 489
7 489
8 489
9 489
10 489
11 489
12 489
13 489
14 489
15 489
16 489
17 489
18 489
19 489
20 489
21 489
22 489
23 489
24 489
25 489
26 489
27 489
28 489
29 489
30 489
31 489
32 489
33 489
34 489
35 489
36 489
37 489
38 489
39 489
40 489
41 489
42 489
43 489
44 489
45 489
46 489
47 489
48 489
49 489
50 489
51 489
52 489
53 489
54 489
55 489
56 489
57 489
58 489
59 489
60 489
61 489
62 489
63 489
64 489
65 489
66 489
67 489
68 489
69 489
70 489
71 489
72 489
73 489
74 489
75 489
76 489
77 489
78 489
79 489
80 489
81 489
82 489
83 489
84 489
85 489
86 489
87 489
88 489
89 489
1 490
2 490
3 490
4 490
5 490
6 490
7 490
8 490
9 490
10 490
11 490
12 490
13 490
14 490
15 490
16 490
17 490
18 490
19 490
20 490
21 490
22 490
23 490
24 490
25 490
26 490
27 490
28 490
29 490
30 490
31 490
32 490
33 490
34 490
35 490
36 490
37 490
38 490
39 490
40 490
41 490
42 490
43 490
44 490
45 490
46 490
47 490
48 490
49 490
50 490
51 490
52 490
53 490
54 490
55 490
56 490
57 490
58 490
59 490
60 490
61 490
62 490
63 490
64 490
65 490
66 490
67 490
68 490
69 490
70 490
71 490
72 490
73 490
74 490
75 490
76 490
77 490
78 490
79 490
80 490
81 490
82 490
83 490
84 490
85 490
86 490
87 490
88 490
89 490
90 490
1 491
2 491
3 491
4 491
5 491
6 491
7 491
8 491
9 491
10 491
11 491
12 491
13 491
14 491
15 491
16 491
17 491
18 491
19 491
20 491
21 491
22 491
23 491
24 491
25 491
26 491
27 491
28 491
29 491
30 491
31 491
32 491
33 491
34 491
35 491
36 491
37 491
38 491
39 491
40 491
41 491
42 491
43 491
44 491
45 491
46 491
47 491
48 491
49 491
50 491
51 491
52 491
53 491
54 491
55 491
56 491
57 491
58 491
59 491
60 491
61 491
62 491
63 491
64 491
65 491
66 491
67 491
68 491
69 491
70 491
71 491
72 491
73 491
74 491
75 491
76 491
77 491
78 491
79 491
80 491
81 491
82 491
83 491
84 491
85 491
86 491
87 491
88 491
89 491
90 491
91 491
1 492
2 492
3 492
4 492
5 492
6 492
7 492
8 492
9 492
10 492
11 492
12 492
13 492
14 492
15 492
16 492
17 492
18 492
19 492
20 492
21 492
22 492
23 492
24 492
25 492
26 492
27 492
28 492
29 492
30 492
31 492
32 492
33 492
34 492
35 492
36 492
37 492
38 492
39 492
40 492
41 492
42 492
43 492
44 492
45 492
46 492
47 492
48 492
49 492
50 492
51 492
52 492
53 492
54 492
55 492
56 492
57 492
58 492
59 492
60 492
61 492
62 492
63 492
64 492
65 492
66 492
67 492
68 492
69 492
70 492
71 492
72 492
73 492
74 492
75 492
76 492
77 492
78 492
79 492
80 492
81 492
82 492
83 492
84 492
85 492
86 492
87 492
88 492
89 492
90 492
91 492
92 492
1 493
2 493
3 493
4 493
5 493
6 493
7 493
8 493
9 493
10 493
11 493
12 493
13 493
14 493
15 493
16 493
17 493
18 493
19 493
20 493
21 493
22 493
23 493
24 493
25 493
26 493
27 493
28 493
29 493
30 493
31 493
32 493
33 493
34 493
35 493
36 493
37 493
38 493
39 493
40 493
41 493
42 493
43 493
44 493
45 493
46 493
47 493
48 493
49 493
50 493
51 493
52 493
53 493
54 493
55 493
56 493
57 493
58 493
59 493
60 493
61 493
62 493
63 493
64 493
65 493
66 493
67 493
68 493
69 493
70 493
71 493
72 493
73 493
74 493
75 493
76 493
77 493
78 493
79 493
80 493
81 493
82 493
83 493
84 493
85 493
86 493
87 493
88 493
89 493
90 493
91 493
92 493
93 493
1 494
2 494
3 494
4 494
5 494
6 494
7 494
8 494
9 494
10 494
11 494
12 494
13 494
14 494
15 494
16 494
17 494
18 494
19 494
20 494
21 494
22 494
23 494
24 494
25 494
26 494
27 494
28 494
29 494
30 494
31 494
32 494
33 494
34 494
35 494
36 494
37 494
38 494
39 494
40 494
41 494
42 494
43 494
44 494
45 494
46 494
47 494
48 494
49 494
50 494
51 494
52 494
53 494
54 494
55 494
56 494
57 494
58 494
59 494
60 494
61 494
62 494
63 494
64 494
65 494
66 494
67 494
68 494
69 494
70 494
71 494
72 494
73 494
74 494
75 494
76 494
77 494
78 494
79 494
80 494
81 494
82 494
83 494
84 494
85 494
86 494
87 494
88 494
89 494
90 494
91 494
92 494
93 494
94 494
1 495
2 495
3 495
4 495
5 495
6 495
7 495
8 495
9 495
10 495
11 495
12 495
13 495
14 495
15 495
16 495
17 495
18 495
19 495
20 495
21 495
22 495
23 495
24 495
25 495
26 495
27 495
28 495
29 495
30 495
31 495
32 495
33 495
34 495
35 495
36 495
37 495
38 495
39 495
40 495
41 495
42 495
43 495
44 495
45 495
46 495
47 495
48 495
49 495
50 495
51 495
52 495
53 495
54 495
55 495
56 495
57 495
58 495
59 495
60 495
61 495
62 495
63 495
64 495
65 495
66 495
67 495
68 495
69 495
70 495
71 495
72 495
73 495
74 495
75 495
76 495
77 495
78 495
79 495
80 495
81 495
82 495
83 495
84 495
85 495
86 495
87 495
88 495
89 495
90 495
91 495
92 495
93 495
94 495
95 495
1 496
2 496
3 496
4 496
5 496
6 496
7 496
8 496
9 496
10 496
11 496
12 496
13 496
14 496
15 496
16 496
17 496
18 496
19 496
20 496
21 496
22 496
23 496
24 496
25 496
26 496
27 496
28 496
29 496
30 496
31 496
32 496
33 496
34 496
35 496
36 496
37 496
38 496
39 496
40 496
41 496
42 496
43 496
44 496
45 496
46 496
47 496
48 496
49 496
50 496
51 496
52 496
53 496
54 496
55 496
56 496
57 496
58 496
59 496
60 496
61 496
62 496
63 496
64 496
65 496
66 496
67 496
68 496
69 496
70 496
71 496
72 496
73 496
74 496
75 496
76 496
77 496
78 496
79 496
80 496
81 496
82 496
83 496
84 496
85 496
86 496
87 496
88 496
89 496
90 496
91 496
92 496
93 496
94 496
95 496
96 496
1 497
2 497
3 497
4 497
5 497
6 497
7 497
8 497
9 497
10 497
11 497
12 497
13 497
14 497
15 497
16 497
17 497
18 497
19 497
20 497
21 497
22 497
23 497
24 497
25 497
26 497
27 497
28 497
29 497
30 497
31 497
32 497
33 497
34 497
35 497
36 497
37 497
38 497
39 497
40 497
41 497
42 497
43 497
44 497
45 497
46 497
47 497
48 497
49 497
50 497
51 497
52 497
53 497
54 497
55 497
56 497
57 497
58 497
59 497
60 497
61 497
62 497
63 497
64 497
65 497
66 497
67 497
68 497
69 497
70 497
71 497
72 497
73 497
74 497
75 497
76 497
77 497
78 497
79 497
80 497
81 497
82 497
83 497
84 497
85 497
86 497
87 497
88 497
89 497
90 497
91 497
92 497
93 497
94 497
95 497
96 497
97 497
1 498
2 498
3 498
4 498
5 498
6 498
7 498
8 498
9 498
10 498
11 498
12 498
13 498
14 498
15 498
16 498
17 498
18 498
19 498
20 498
21 498
22 498
23 498
24 498
25 498
26 498
27 498
28 498
29 498
30 498
31 498
32 498
33 498
34 498
35 498
36 498
37 498
38 498
39 498
40 498
41 498
42 498
43 498
44 498
45 498
46 498
47 498
48 498
49 498
50 498
51 498
52 498
53 498
54 498
55 498
56 498
57 498
58 498
59 498
60 498
61 498
62 498
63 498
64 498
65 498
66 498
67 498
68 498
69 498
70 498
71 498
72 498
73 498
74 498
75 498
76 498
77 498
78 498
79 498
80 498
81 498
82 498
83 498
84 498
85 498
86 498
87 498
88 498
89 498
90 498
91 498
92 498
93 498
94 498
95 498
96 498
97 498
98 498
1 499
2 499
3 499
4 499
5 499
6 499
7 499
8 499
9 499
10 499
11 499
12 499
13 499
14 499
15 499
16 499
17 499
18 499
19 499
20 499
21 499
22 499
23 499
24 499
25 499
26 499
27 499
28 499
29 499
30 499
31 499
32 499
33 499
34 499
35 499
36 499
37 499
38 499
39 499
40 499
41 499
42 499
43 499
44 499
45 499
46 499
47 499
48 499
49 499
50 499
51 499
52 499
53 499
54 499
55 499
56 499
57 499
58 499
59 499
60 499
61 499
62 499
63 499
64 499
65 499
66 499
67 499
68 499
69 499
70 499
71 499
72 499
73 499
74 499
75 499
76 499
77 499
78 499
79 499
80 499
81 499
82 499
83 499
84 499
85 499
86 499
87 499
88 499
89 499
90 499
91 499
92 499
93 499
94 499
95 499
96 499
97 499
98 499
99 499
1 500
2 500
3 500
4 500
5 500
6 500
7 500
8 500
9 500
10 500
11 500
12 500
13 500
14 500
15 500
16 500
17 500
18 500
19 500
20 500
21 500
22 500
23 500
24 500
25 500
26 500
27 500
28 500
29 500
30 500
31 500
32 500
33 500
34 500
35 500
36 500
37 500
38 500
39 500
40 500
41 500
42 500
43 500
44 500
45 500
46 500
47 500
48 500
49 500
50 500
51 500
52 500
53 500
54 500
55 500
56 500
57 500
58 500
59 500
60 500
61 500
62 500
63 500
64 500
65 500
66 500
67 500
68 500
69 500
70 500
71 500
72 500
73 500
74 500
75 500
76 500
77 500
78 500
79 500
80 500
81 500
82 500
83 500
84 500
85 500
86 500
87 500
88 500
89 500
90 500
91 500
92 500
93 500
94 500
95 500
96 500
97 500
98 500
99 500
100 500
