1258657406309
1310156723436
1895470721251
292879140256
3196484646256
1253096954276
1062829139536
373484565836
132320648296
1395638648121
1250124381048
706516343531
3042967464826
2750707272951
2165121973508
28952358640
1269641836463
764761651729
560642361267
439514708769
510567857519
348517620871
5845836259
1605878983858
3260763545016
359748235375
3143643531212
2419350418729
3090240348274
3014510656529
456015929810
2546471602453
1681940921864
876901616903
3295451278725
1294924105452
1267107942648
2731386897492
639023548796
1793185373637
3464068012037
1713296120308
2426367459734
2740897924096
2503964613738
41052105943
1452905095897
3136258196408
3091861617825
1031867598423
789013543830
2505053262572
760194810603
2574548968319
3470709841825
2980298153514
434157960576
264858150541
1705808591451
2939267894036
2978780820286
2627417910686
1491749075395
1461097673418
473515914859
3193427210457
1245137498016
1410589368568
2847189716757
2313153021098
2721854602193
1374289819493
547470329653
1541094503785
3121706415965
350402746363
903012918698
2746253162542
2062975795014
2025051214679
1943716713518
234710203012
3291958459735
2909568765373
1358269593614
932109532814
1272487506242
1737076049510
3076815107048
1408159281601
3181969683875
804319141570
2856593948646
3206361979726
2357805206715
2186913728609
1317126836459
2812309728967
3157580942685
3258954272342
