2000
769561412 692305396
352941275 257292120
915048823 678095527
428383273 190663514
623893046 917786877
586535861 583976344
969736871 415188799
633376757 962243595
745108653 888638096
802943533 387364691
771538178 849327106
10587089 904516377
242769609 965401524
389592775 455622863
102437802 141173655
683726101 84234536
577510586 833372354
548205298 793075056
175845791 823066990
800674455 467301933
53262477 752594409
964321514 790822856
972054739 279319516
488869068 74604480
9793036 488835525
375275706 802985973
572556904 612021281
934187428 22750670
557201686 972272517
831977384 307787874
986070101 217361644
678781633 623632629
91388075 15727527
407556194 391857078
690545706 680835032
84370823 291497585
574812224 966924331
7873055 886706408
165815074 933500235
880566462 931383212
782996686 702369937
892139961 110421046
68159825 501487229
343877677 67425339
49271162 630304206
488434409 425555430
539821395 270931796
588629850 191755554
716179147 548035077
583999750 501455963
15497445 513598764
402722212 89066927
473687536 206147228
931788903 687735627
507936251 230616221
959379193 307815122
884211378 792117019
805909756 399057300
139613368 22015742
957342147 584442246
207105184 6303168
15666726 520389327
13367662 507507529
351667654 583436698
786278877 952229141
68148902 922091150
962630035 838046460
120164664 789698029
386180945 547497500
862746248 581231219
888757793 624423342
351072373 953877566
58820484 576176963
375017256 942156937
5287041 993794153
666782859 616220570
755501495 300755977
522310129 495817217
163015731 336303241
342733488 896693729
614693132 515969029
797031547 762741692
265204332 838794279
188331191 185121279
127653036 745367145
647393554 201227564
342648531 948490054
9340432 124923414
381710647 459943327
65683245 299718189
136147409 141064899
385643355 547630761
475497763 299628592
819903671 874784036
161734851 920668539
490091187 752023840
340040344 476220958
363599648 203608467
835778539 42383128
359248364 559071560
167924373 819423805
557384093 196568585
570706085 883910395
803907876 902625453
873868476 758039156
98129091 644122481
859646247 469997425
711903887 863368243
281693339 85327686
488703475 373877986
218511453 773440205
448960451 554600750
612221881 616744510
802143897 55770851
993628685 203510696
139732145 473142311
983592362 207319390
294174806 857203729
477125115 455517898
51547552 203544989
417139717 868582961
674946696 108457953
774473211 971388741
410732886 294676744
852999065 825508775
899210262 454099996
706052359 210852679
782388539 200921146
330216376 500103876
873712031 607111593
392198816 690409267
309707045 226529234
425357838 583117784
924693421 437603295
1998165 170023899
80305632 659217749
831105516 323988664
254673853 698657964
300915315 827092858
797826217 503935451
551211077 999821470
698704354 253546168
970132588 100919314
450122416 559820210
844157348 212968723
218501715 986897722
14437908 667049092
38532008 350918796
830981663 131681816
615913333 811143915
143475243 956223521
781583004 888770749
453692338 160686861
973224588 424749315
513457520 238008678
652274177 53063712
179240643 114872384
766012824 16128368
151293864 187680782
195767893 699614303
854632974 692203877
951976391 382297733
239207164 168652329
857586439 466090604
42034529 593069023
372927079 307947619
960965334 595492482
285482499 562507615
398014504 289953488
436304848 714674866
785493930 895580466
869871257 811076274
520503503 754512930
452992437 613384178
178858062 746087951
321574411 135677819
843053957 428902573
161554754 812898053
136752709 172815604
645891166 259144570
504953524 570009410
904065442 297506925
524512513 26947618
916074186 948533188
162939290 469578256
621541328 473624221
655056848 815211047
706913680 857182202
962448600 148619453
257673183 578039048
653339814 551568512
753736802 139653051
516034130 503414256
143734190 42109626
772044149 537025499
35272142 37086626
474703653 516179324
171315789 102430972
578617210 717639148
934046141 316397555
118533982 497051352
413251807 446588680
451715330 930364252
526781754 611346994
154300659 96152191
82711290 100097495
355094840 590797220
693479897 131335403
496767814 648493616
100791318 750172839
366823768 191416142
89573481 966503976
20787348 88925270
864663423 198902035
584837196 452206628
536907295 755586703
257758880 200580610
173596476 18225475
279674002 496683782
783461525 240844979
819243865 495650131
826855589 617432041
499974655 856459464
270075384 106245349
87133075 902648098
684394533 729396343
975558651 114345866
532462853 526457099
16775999 210043014
152974393 350567557
348692641 735683085
966279906 319177051
848864134 666625652
337997386 159837661
102471350 935860663
417744941 774872923
297962860 103191144
272629061 872509614
727363886 882510006
105311290 326217388
348098823 404690292
659084151 28433577
354039254 37192253
34968960 694940736
748853004 964390109
489451403 209041289
305796698 490910177
779239415 430446383
728756254 343095313
162669797 465748783
585461 809172516
15317504 279977142
713990154 188594780
633215919 68441098
641029450 654625278
13440173 919163085
76996659 241923724
119505154 646233417
610380873 106580948
178372786 945099186
449143790 5121326
884369331 975183859
157031438 468746439
332658909 231286323
941463712 27100988
258687322 887936421
48719157 231085296
992645247 837983527
543634852 679368777
551149343 390934928
665447462 734394881
526681816 593800672
140830930 916618667
527881668 139080878
908393343 536377926
158259655 459121267
892712513 487876377
943171980 287764585
801207442 478170582
498390542 990365141
843740954 25802539
533584307 677519981
677519417 769422190
728523281 186936782
844721340 556566228
432207771 9762281
264683811 351543173
568384331 175983798
230676624 520547208
920657329 24445993
978723729 123991908
738881603 682862770
952040616 819451936
576866880 644202231
398867582 349784340
287487667 391654571
447585398 172504097
30058122 552573178
643663375 516607447
303361794 620908646
629018219 304491361
938997533 83337343
13737776 456122741
739193003 807983696
289971518 708796392
126838107 227774041
496200027 975509608
630572037 415491080
827463813 913420826
917605162 343224426
312448984 20245360
762945040 4781194
34193933 282618025
117264033 320810609
425284469 822828310
12025472 111014620
667787048 653826900
840426058 188173670
565042193 13303067
604192990 42183813
768558211 819644212
534463049 589377047
276219077 75858141
441480873 432276302
672801708 540588567
495655458 831123888
656535566 71964409
762339978 576427236
65091380 889796463
498833396 603797854
295720614 383034885
497819841 349783707
674508564 373029621
130533029 282599959
798543660 378138815
116744179 269555174
902668337 503415506
902310958 272307041
646655520 833682437
120493846 273025591
629667401 508485488
502270189 924605893
709750200 963224589
752334961 768927065
228782378 980106943
778042693 820902976
652666184 563981439
574864179 895507263
358724663 986242209
153604534 820756598
462834903 561444126
314515839 464596330
576099570 480348830
11046383 769729687
828847976 299895072
506148351 595815917
805542188 774132986
323231298 131701487
714571106 402339456
50318636 805318882
822912203 635101361
305067248 662131321
521676786 541738305
251178711 220119151
158669589 76556258
392988709 326872222
436518511 308563452
956214203 446516780
394700459 47149324
607987505 87731003
734987948 987052288
567677787 152633872
827992806 593037326
888189144 253404450
18189509 977909527
442147086 907447786
771371141 239891705
901755207 263776940
64709285 306719547
430984843 398947907
974923771 749115944
536981010 738490267
526709865 621447060
180379573 944592797
320959722 718913238
461923335 595674944
951914201 169576917
701873685 258999971
361126498 726275363
464533966 271265131
897429817 786506034
456438569 664688209
163930933 30722064
159856558 195731061
60374846 285587785
577660832 724478573
306908148 97673628
891691282 172253955
738999200 143265234
681361809 315257060
839149287 414360918
757515527 53334388
322479757 550208648
388018858 443908187
533583639 68383987
542492794 363145558
778909437 55597856
822067166 875099412
706942044 994841544
617894631 234184938
396848589 430959434
721205163 433651395
815886583 834091637
935312969 469792044
339032180 568654112
730153187 879213278
982286913 678192231
717819614 323642555
397197549 220571572
877240364 52896100
76329613 978012766
756618839 788186872
821763129 565257670
333977516 996814645
124181191 646210536
853280000 52357954
841799089 768644728
319901895 24838970
16658902 410165254
176509230 690763234
282519296 918482993
901826505 834165696
96463088 607694398
779664041 757009394
536969996 716852998
856192587 610758705
440906696 613880540
822726473 60357227
618646877 965920288
932399888 81216556
107014518 60382091
100491080 620429949
876507630 726805008
337207919 331085304
399866877 303380255
670916010 195394121
584647260 20080584
577863782 649422902
592398127 938901180
419989965 768549849
162144909 640627965
90767764 152393764
397419871 568028871
723792833 44284705
730147167 474284466
873030029 21207964
67521492 727726806
498290718 796005442
358369502 88003765
672572795 863386025
38846213 467367071
304750779 6112628
60592107 122833862
347531161 81687274
59206475 365239956
405187319 492258706
938999310 155152753
399195712 93376380
71546184 734800041
374625044 672865216
875087181 741531198
766682772 346083929
433006898 240034873
998549213 197688084
205112733 414925192
500866654 622286309
798821796 685936889
613642665 376723998
318779436 977336514
825674772 236963017
761601674 676143065
530709381 506149414
418691738 795494324
574450612 627089590
64750780 820300801
923971120 986599574
350602745 635685388
611910253 859124681
732813487 388477169
882244239 495697448
749665086 887170987
907117949 598408104
544487696 537930798
580521599 517523319
485654456 498870870
559599437 32649424
650526919 718334
105231175 163805216
962089778 827393631
4001604 151755857
971964315 386515040
755425248 399907633
428201885 556955626
588553783 409176139
919089577 437218000
40964266 483368251
815508568 274094993
402279484 697301969
496378632 373024919
621028327 640274872
486809532 681776859
155571469 706325942
73177414 377357149
224177687 410515819
293253062 244602896
70239977 143322139
947088023 305118772
226536421 595334969
211656578 869966807
118664396 417915362
780409028 867478193
667628117 345544105
67454019 897718721
629714248 748213366
723060613 737989160
194579436 834688521
476279485 843771260
914498971 197691375
566049511 389606695
885525907 688005232
574764313 391466117
59202374 572245516
7100799 811070334
161115252 815564715
629850738 826386532
584281061 484149361
233624034 849909919
153507853 306038266
352363993 60243811
788081820 678718275
134443108 879011767
619442008 46983781
567606957 841442031
948064853 661185604
473627911 28122382
478541707 389363842
597111934 731161342
456317497 424087002
806976617 202027228
431885878 60973663
263211811 53887652
302743918 829038978
720103611 11406114
840822763 813603377
346197773 174327354
411678685 157944572
354795801 695100924
5066722 487535677
465774223 124322032
843934423 756090077
330096772 788016622
863750174 204972806
855356592 730405962
154205437 669596064
163788385 753926981
613997094 695369668
246507928 452016493
699291730 331159967
523750240 951499188
49933122 291065261
739967841 176565797
644325654 802952469
42304725 540945259
278875856 870546251
630164471 948372158
612606842 967675439
999540088 415811847
485444105 484353346
444233578 991203898
681028511 297249405
729655859 933508499
572444369 723460960
111907192 95944023
985300042 115335051
279138451 978297270
125817848 340561153
926714151 610561326
227456284 5630790
814508148 724642975
304296932 425268154
443740869 4815745
11335377 586390532
127752525 285716597
398632013 174950390
904667795 286346863
710050187 91692100
78801512 54325504
304098409 432607137
324687506 212085400
841865684 623353807
716949112 27285618
404657362 933547386
941990477 650576889
988415545 776334723
817073318 421375326
469402919 252310100
315871888 569995583
87086621 178182660
663344917 857980067
254977628 637144687
121211490 228187823
815058467 634865359
536065443 102506220
801705456 52353889
523877557 692463877
84521337 396740980
256713900 890175711
494537339 244492619
714078240 209719189
497493061 213861902
857776856 275010755
528803582 45471167
883770496 182181601
235291545 857204327
626080524 134742703
472852435 532659522
213715251 503379110
234937035 493510370
71949311 236800936
877563165 525058501
182334388 416663540
826387734 652954781
343089765 737343574
937824723 7619375
119711165 521995834
683407667 222542364
986246758 569607883
32911282 524471201
700767081 742262055
167683948 448841645
358539453 426503269
832504295 319405287
741258262 527740513
710854544 259733263
45123916 516147587
216162549 493922988
163205332 53493308
391688445 397090103
729376331 368624532
735953334 753276055
45631426 162030999
822824237 427901729
783367567 638446110
471195332 505620616
88850987 897639899
365281437 244606955
782308321 649723917
723630131 990992901
913861137 109054829
521601452 636375233
992206643 530814875
519750375 272534378
300498349 138038891
910394545 439400639
363352197 493971143
181162143 244076377
41205252 271495836
483221720 475915975
467610519 825380052
126669370 757020686
676171717 114515447
432824905 876291418
470528898 992684490
695071081 419761351
336233402 56117977
724994337 146658830
617010917 219371340
745755944 870425703
845201351 146123773
375839980 511012581
196631996 753221495
675971028 222979156
673585935 95319085
597397630 392566425
156957408 703707991
209300582 733383846
878341912 744682136
61074307 90188949
180636005 60029770
843410248 231791600
554958977 648763594
63448453 736220432
552819056 575491699
837561557 237979590
249532445 448779160
725518375 250174403
122768133 728994941
948309065 751069201
93120981 867694143
194329684 285013064
217920705 291177422
559831476 967384991
364709603 139574449
456937695 552084439
60818643 210318055
243451388 498095828
49305461 412266408
882275054 599746147
153597798 208382097
371228827 653212156
396174351 970858768
155834016 64657353
377128212 902248308
576049072 618573896
461407088 197027458
54397090 963708941
752051257 463944936
609494998 202461284
23310664 216163663
82556966 948537794
789155617 101652364
774581931 923900054
657434921 506389082
584302853 856504512
838724105 652719066
548885232 147663944
396310030 493566089
558982648 627219461
922596986 490104701
708135358 123986169
488117897 260981524
874815769 932547314
519064478 736752565
663873334 163146963
261368694 764447738
31740389 604586068
714818297 398824667
216800245 965324072
297726731 704520401
521583107 307901209
561932965 365635918
58512530 144273633
389576784 390414445
109092981 353770107
908326467 304127835
737394361 88090124
445017123 91184560
841174188 514138387
532843635 550022872
201914533 874065429
417717122 176676888
107892602 617914878
455578219 81967350
53800383 170797287
234620267 540015383
289644225 483263414
54072831 385075072
915008047 980709657
993073833 981343490
453324851 61262127
65212757 105131969
150810976 264399802
435898390 159487901
561973703 414560523
261944842 926645263
718395639 326548986
698750762 131370672
3871427 699465325
442366187 48247382
861903731 117952781
931271006 118602897
864843880 738926775
70048541 246949560
318966731 854255828
819603307 288323251
435923277 100850838
709857050 994106783
124871996 674596763
565619372 778941923
335742029 921533217
936177199 197988064
299393108 736807639
768641257 37647782
743970020 767321411
310588360 23127531
579094268 378006520
529978356 687189348
589655643 856385097
259527108 258882443
907686395 512509324
572879127 270328819
788157072 354518159
622712887 519078863
670820775 279444175
445910470 758613260
631041852 176215172
68840086 517846426
54604130 900820
476639186 603872412
779873274 64556806
690605275 530377062
103714546 206236661
638342940 928056546
844305837 302615499
671312577 385926102
494632887 858377982
622752995 539635069
1800614 754926854
435820580 118306605
879157299 741481146
292088568 926808007
502984398 427082334
178014008 93523752
242913866 568227051
445368600 965628681
841833234 392767233
256629851 410470609
44536371 557328521
634232983 345421016
5774030 814535880
883421275 76621257
728597487 45014167
49965163 661106300
7003 429643616
641470301 540398369
795257710 733914933
761624696 488356342
534961183 119689155
493099598 584122949
984687126 75479069
578910383 617416966
710431863 136253442
875034598 20160425
428680050 350062406
766974381 473287082
523470707 301552759
424774497 870181578
988640716 19388570
574884990 896563808
551033825 13885825
921154220 145576923
556621190 330275930
288652418 41459701
139749407 276545214
784433576 727134413
330850099 297507148
617254961 10981829
927508367 43428627
285804525 424985940
639070129 693354874
830027207 900659543
814265000 957791233
785451138 945578003
481028061 823214514
37649016 714633557
847127315 605191781
600438517 932883850
426856790 975595346
816917535 757269200
566466267 128380231
681387333 155070856
365032902 335027322
418252428 636102220
555637200 602159412
583544643 278233893
769334847 867425182
364093181 505319518
526035879 475266707
921661913 250030697
294951068 853928561
621373689 863909866
963994254 626287293
338661908 657265318
357547685 837281233
25952183 831486425
648181753 187141261
290580872 110488083
164970185 391364633
840272421 63990751
662050577 931757087
207722380 194982919
785576017 572144320
469035177 919623294
51515088 935799391
825090588 69121866
46889112 245282057
189029764 580489602
576247614 42277591
949024162 9679988
735763757 806852418
375951139 277134260
673005493 830932404
494920748 363016051
497373065 981591228
93301783 177021535
877481468 508454
630573367 715662550
625643172 364727066
508080124 758517916
33168853 66574166
340911694 487518113
981527701 970298307
129206091 256547789
760188778 491125260
743559862 156996694
145908252 161051519
375438219 474927126
768005047 299715953
158998903 230031209
282374722 734984772
273898443 256070792
287407135 656762317
504966580 288933859
765015885 370039425
69875641 364813959
617185037 438835570
408586777 552665301
682009036 776784264
110152817 300963306
20506015 484036478
297969394 724719059
358683013 929992584
231740020 731483692
247781014 192580738
944143944 358490013
848019030 275669057
234478340 837128696
630263437 562649768
469565690 82777282
233867764 879002869
574952964 737984908
955334008 105393278
768691857 873898513
895464161 406866602
353533061 312744387
590219564 516490195
424034530 422033106
979578325 311191575
670717852 816604622
378528179 484336271
365569053 301616136
366263660 148946617
315021084 651112792
189969664 85950181
837075698 757485134
883399216 207847299
462590295 608934473
537854987 693575520
813167267 148485780
673967238 78834935
730554698 579687493
517979109 592606183
163106236 673605286
264230740 78443505
51051033 807122719
931029814 488705562
312749512 177123113
144069229 560536125
842408211 904233161
839135672 358266480
899584910 849739644
154131236 10462072
591181549 791876952
43152478 90426708
416469068 337754667
593706103 276812032
734371210 184754637
187483975 214572467
798284956 155049124
841452874 711946295
539872218 760857198
95355442 458942377
887617607 720170486
914361536 393703034
897562958 626535821
701289641 173862341
822609289 306437147
253400708 303837227
117394635 247317688
404089086 710520780
946335876 326103712
599673892 983374066
484793030 688862951
604401246 601810605
895042584 862840276
815010121 655330140
275541980 775333117
492999959 265741230
871959525 276829170
470287897 172815381
503821660 456632349
981773775 768018997
169048186 721391730
994988198 607661744
762174279 634391717
110451060 777892622
928592266 614546234
586497860 398143610
437358044 528858252
235688784 604858904
712559397 674943564
750956655 224214852
508657291 219049442
567922384 611616031
695210541 997651745
854316470 661581377
859203493 782505406
329940453 195912385
883285378 301574919
821565347 991045151
415701228 847573986
974959480 16395225
922921598 458715996
466592367 216919138
830538734 309926423
543013823 656537685
492629963 755851261
166801405 692735694
278783448 248707313
729660640 54876086
171446449 512624960
440580896 860028363
723844091 747974880
628349692 959266016
562004903 97583003
264596782 979404588
240819262 579780676
208594833 228107933
24547874 524592471
12585524 837629610
648880404 854343431
860857955 713874229
358494430 119567139
483253351 568040929
104188569 262338159
540550254 510851451
195855777 779762203
175829829 833231929
874711254 176998486
682895932 65091797
949812599 284094745
342054051 774779327
728563435 98633887
200121479 405883461
180570931 34600125
120266200 508576952
398953405 434092258
612639822 834308757
996709179 415210905
284382509 716785311
144040159 445824201
819210346 571015451
383863540 659494500
935311253 379874797
750163894 308829102
20721890 691581007
263879406 953319002
85485017 627435316
413566241 240032636
898480228 923294090
928710788 586562756
530250607 582819915
117693420 606935232
15426300 838597450
104415214 857767429
408166817 348685678
888471430 458747049
423699336 603653040
134324704 213095507
150372128 638382188
822803144 19822348
294232890 876177681
913059227 493178251
774803486 740585348
946704087 853667297
499163487 742857789
366153893 992938133
162186998 427761361
731392106 64813310
420992340 235543952
740065099 488506976
983036536 758640466
747860154 996623060
362896072 526623007
421239878 785138795
233505432 224631612
657859546 86948723
361057861 596831909
489608335 842785141
916959713 519716664
137499477 524869351
64597387 482727387
436310785 812757544
530315532 662292941
30117353 950080719
820072739 653359336
476278125 690345811
716374610 943177095
147072567 180543571
603610295 561465815
566713462 818290789
953900060 735100857
167131394 57528976
764680015 199274619
926529259 677798149
646722515 547781474
839261216 771171362
318412723 777263077
178555713 844725384
406400585 96208892
358043129 701434594
644072589 89425834
880419739 80369119
7580657 995531154
81700322 856026403
245651747 758517232
732081601 779212511
34369288 998251267
197379497 424042145
235920602 877714937
390848596 786400491
462941816 738952819
262764021 124487893
809764477 225384602
420170586 151493744
772806631 507717519
421998710 819046107
209702516 84649183
973506048 683580583
670346087 699543576
178926726 166205799
708364416 394352827
295391713 67633762
302696347 354550693
238109138 845223629
914878996 907562868
361447226 636884454
893997985 872584159
959499044 472362321
480255301 837696933
295114153 904735070
295764086 900096755
342503784 518429631
660163065 663453393
948089525 179598473
22334501 240546860
648470054 813906795
916386226 792734172
271244236 954067213
236975155 995058679
53444011 581548791
169830008 933053392
658719652 413647432
308305905 751251928
974956397 986002496
228022746 360407500
144228192 383585357
467246166 563289030
531104799 515834030
699664221 474012435
762834306 373978284
775842455 433346073
364800413 3807386
38583676 85393722
658446159 492531247
953070588 9517819
540297635 173328074
935366001 738806725
976092189 51800422
912773930 208793534
40530682 433512578
923462450 942892107
245267346 605422113
16186720 708193501
817097543 756042591
153852930 479591886
189595438 563165028
53339096 592906170
404332420 779179822
651702308 365610244
419702969 26197134
648696378 151917961
533216712 451370518
530396178 421107372
342322612 987752431
638222723 438475411
39358525 736515325
986818064 588492920
29491210 461573263
927566033 92063534
679626347 820899431
331887399 341858890
210111783 403813869
163019958 523733965
204073999 38971142
875350382 912253236
617384106 959355386
490893114 586676844
427043692 370461281
178247750 379540215
334371668 651088660
642996025 502464585
14956593 862760398
791265803 270103760
309421577 945578529
212923693 998656242
478303955 99070962
603009322 194581797
455753082 695483590
425522334 997576981
398043235 741905462
79000220 602941944
688683141 28594907
479017447 878124745
111649554 792930784
211687180 813621792
135816089 330549145
753477266 302205193
545947687 623031825
591974291 61939177
12540622 950745842
817562995 464119402
238141697 290236049
502360192 474642018
834391630 757375746
179261164 914909575
472821461 641687161
822374334 375341018
308051307 16887481
67810135 543888839
127771357 133208812
902090140 421815133
334667868 923316440
715192215 756694002
361636939 322089639
584270189 206892554
597259243 767720321
846039098 351088959
65626009 479932720
459479598 304160106
975803312 118408770
748988209 9147693
731493053 863210132
6565867 910078370
285295618 633175203
65748550 1285029
367207314 181810713
379944316 222038292
159215073 512205600
805499721 19015670
295109002 320039966
455273478 512465163
816863859 896726244
941625032 228554280
561871034 864554776
703977554 941863517
372152921 890746677
811224353 66907746
688972868 773110093
538441968 198155690
956693602 725253167
993216289 365925075
664103087 76631959
110687308 486526766
25723335 585379488
641297633 277612153
455558614 563517282
876390105 487729332
871447196 589016387
770208923 467187316
439354454 704346077
106333139 351938467
952156105 807738890
917179602 735574221
525546068 994385555
422679049 695018710
528359013 530666296
66905020 955843784
865139694 972765259
488454432 657623431
358435523 580153822
258171429 626052334
734701075 483299649
360708668 934422336
811978018 840713388
187644378 7574671
167096889 301591264
179865980 166654559
880814607 40177514
633033693 483042636
814711802 523459324
243358220 295047496
144014188 5191754
727744708 939906042
910990716 159512730
157084656 86616462
449913457 722797949
805603834 994074339
944823908 150731403
539048672 637294185
598065185 757089172
703301818 518790495
768742889 689447971
97508503 63530532
990236686 845717992
88945970 899118459
469081197 445849000
731415188 405989266
509508730 923349906
610039180 815229609
77757685 578899825
897108696 859580809
359441954 86100504
780949109 327379134
618452419 691777913
803747663 936792646
824222820 463608056
889138007 388185885
382461548 372705531
371564812 175511299
841441820 212809974
232854995 964855952
748470107 776683544
633853200 36289483
668471048 330356792
140994538 232790260
854758310 277685184
422593172 163431116
876372508 449689731
665354494 345895507
532499202 284076531
186568540 13420159
128880520 936242378
312752931 337893107
33380687 349540965
663910976 662310181
905790637 266599970
49446875 327879906
343175235 856524103
460214983 792146036
987344800 23352412
900944294 266829881
667030537 103028361
218362973 532386513
923916530 858235596
100532090 742970045
597941229 755337534
286814247 193145710
268305567 656197013
249090824 139335152
644176413 696230998
570509311 184988546
498431823 835998701
932763581 299133787
865840012 864799027
869108688 307766504
395587974 135371772
602411220 455758631
78081231 950554910
611834878 917706703
724157561 633255904
790919775 571325527
590377946 739178200
262392318 901905458
466275091 399537926
940886482 594491383
996272436 310582732
232805485 771420475
357615613 182182203
572445200 717120755
690332175 5643792
204128543 964706160
174877260 164863560
11153299 220629900
219573937 177513196
664706920 666721687
966793735 729009642
462733416 944447356
179497822 177230734
432736473 24241193
709199955 942559316
610451552 782692058
361421759 944811181
923725478 456255170
873014228 104094425
142539061 237908827
191138514 658176330
48509897 652570064
534775154 151705413
793207081 705512782
782931167 843973547
69949611 381237777
955130745 866065405
390158630 690767338
163238380 979481846
791982898 671042569
564485117 668340268
41625873 554221048
819110305 529707520
932238410 260611995
824987162 462609502
27755367 810986381
977235583 723861722
783201830 739836971
96630904 793980289
669334029 453516878
860636166 60275092
730524086 493408864
44792346 118243314
730184750 592727180
709769979 311778351
541188204 405915516
975639223 484080414
322228677 847991907
441459411 89862759
74860391 610040485
779229612 863590787
287446099 872367551
977967039 705217632
256843107 892315778
342291393 904036808
429713650 768542509
695110689 175879267
427056376 491619240
629261390 217264588
398079166 400228601
901284899 942312014
592116225 14661693
910242677 253938438
600707296 239962850
9279418 604606209
275795987 538382024
85669045 577360385
503236046 379598979
505590939 362540094
374673970 751850419
784398408 641838472
968092572 553197205
586746577 621500757
957564316 861153630
900003575 605960901
5820793 337796582
715553211 80193545
165624575 792187160
791179307 627130916
468414411 601521189
942884687 692087452
242095404 736683050
801082836 295241244
678549834 939652175
409481756 427121931
84007601 994005273
171002270 913098896
904017340 786238933
59980531 55455811
645475732 29422065
487616862 7756574
406436537 914274669
548995462 331790014
810460307 400145748
67086602 644455120
506486082 576691699
583530855 891561518
135471626 447138022
352827504 7955265
543751374 299854943
962765790 668437777
491747250 599895141
107247639 365412569
329019907 327771426
220806075 457989774
558901573 823212731
874240531 324225615
268506652 46852665
816158704 826468423
292302160 562847830
113597651 790162827
36963519 113432069
672642217 88778426
853787427 382094071
896270759 714890654
200363382 421324028
934267395 976623471
93046775 42744391
78670379 422924170
538566091 531719840
928094623 541389581
166344156 696782245
65297861 943906842
840732808 129090722
858679507 270170068
561984885 731462647
736973301 24182837
200948799 744252634
538270698 803605412
503855099 385411269
449816476 230192857
402720825 125931668
752106799 215050592
923890176 874277994
394458740 524003508
441043670 298409388
956855396 932526054
921431377 511414147
626112176 134769566
692713942 62253499
975412838 949317247
239928090 443308792
861544178 633571454
749030557 162334248
556185908 287411597
914343947 367027358
185978773 750391311
828589959 57216473
326303276 58666409
248553323 948721884
309224900 715862132
282017 760771105
159989634 468327531
824382238 708287253
576981239 383359967
605755936 344760751
346464472 753984801
943227784 713059068
145351569 78604752
554078128 921587176
404390801 100515409
356353854 866507974
646178958 778354404
479711941 677832940
473107151 343222656
728341946 695693316
257958452 441103481
916435043 700709539
289442112 754514086
160283391 230931455
919239089 987452765
32290208 858903048
691152368 266700580
365934773 848784551
528133776 86895130
635434358 478093774
148414464 648777761
819372714 128318797
861394384 415915340
531187779 599554111
614755294 822046195
27786410 960006246
201966751 346161464
215045867 142800906
510560409 572454955
309441928 310054557
769282962 578116831
45682869 774790155
447487522 166387975
780045474 143974127
366485351 560897133
862763871 448467528
649953951 188659660
943277807 11393448
723971422 709262350
295166025 879327383
738786006 994035609
694655898 38599116
675854539 355238629
11708905 783139525
819498455 273533187
55548451 201395728
451279492 547950818
651808739 142262126
773278710 943579319
854298582 975047656
158618745 253561303
222044820 94089559
978229178 83735606
310629731 77554240
396708783 522397264
714983073 785819066
273017303 507836668
730930746 814817769
631318069 73413726
604121587 373971388
706421437 51260117
585126411 213571297
272094891 15141104
465694263 771639115
447080207 19033047
360102782 440800550
632652253 796862547
713110060 526312456
318653878 581596959
787123404 89606828
872371805 990615728
972715794 509703416
560876699 886375229
668588346 851169671
90142046 489004721
993205429 424308493
755661159 367039118
479832960 629934921
825053609 901841315
849308340 976684600
315060103 24162560
360294083 3739410
315808088 818332774
424850490 96564339
552987190 802792051
578035597 288076477
60490739 185266420
768780712 919474394
514222825 528798445
505431374 274660655
362899838 434026527
125544764 977491443
141264755 616701689
515584167 302126548
865543268 87715319
881062482 839218905
976203862 715698260
259598925 835303913
219755238 940820650
96210139 297248372
100516433 156166256
105781129 560906168
996499298 354003733
612969140 712944356
891608108 623129407
27252443 373403332
134346016 451119096
923864202 756774128
408077532 28239279
187916754 278559608
80531496 910815455
452726124 497666426
424340330 952109914
928046989 866323332
305044221 820042959
831107868 307964131
442950973 441664691
564128967 839363213
7071534 600769359
802696167 685409579
230627976 114329836
940514830 882385708
292032948 425862052
901841822 744512372
28087430 18048111
63074958 713675356
482720744 16879783
23532331 765727144
457341501 330078757
942154352 344696173
270953315 743336526
670683925 754627722
236274864 486028186
688029654 30527300
616344318 995557219
848748067 644409011
467659810 311680364
950768965 324307595
263796421 624093388
71325306 914615842
567106061 380821017
936765588 127330538
321524401 602485927
638344396 290994763
348315845 788271232
259428620 654162990
993352748 386458007
578364678 604989250
63528051 133846855
730890962 162235768
479884755 912286609
962805740 721158676
397307548 628797093
460814083 124525574
216341581 774707063
60607647 823016515
269098911 90998336
703874460 669963745
793594466 329666823
141691556 921483133
155822077 710726658
162783862 724788989
890766625 170443807
13474439 116202861
46608767 61695393
958344605 433301084
344188822 214511084
271413729 64275713
17674105 549579933
996362556 54568803
725235785 452592093
918989995 600628416
101896174 755898861
20272289 240248565
164021829 205758198
440851175 743516583
449299524 528739857
198339051 838908973
312195468 275881943
735012863 912176170
351645680 298190211
681534390 622070682
299019160 714156633
655145056 560610070
363598685 165723453
465420573 223712323
881024170 229999919
579270650 185964663
779636892 914314610
223649960 132508923
674357278 861980445
865548835 123518312
133109240 901004559
830726724 967814979
552226573 946601506
853378323 639416326
246544242 243174160
239595367 72565753
494410126 957423808
902645146 659387307
183603769 518072420
820395903 798018939
619325553 963620238
995350481 422436547
250668857 436463379
455986869 520672495
634401084 657234071
759151568 549827790
160876495 122357446
733101013 155076080
668769581 871075022
675575644 39918489
191746448 482789740
936137295 757719815
915939935 578835061
443249835 922820794
400513912 118791547
166038983 529665736
652508910 252122411
44934112 351075830
249650640 430314914
405972889 434785763
380755731 794428672
887569394 483822969
389937342 135446931
962676913 683941351
631514310 876340122
811647452 21772756
587631911 481168389
86131039 772190009
657288775 873019854
233363469 413204302
297601292 298502393
136060306 834498645
501534463 795199844
904441991 574350886
438027060 373723385
645871528 646209374
166246213 579002230
176292431 111924441
208801987 557673261
249959940 487843268
855278362 648363078
807402400 878019477
728483591 854503965
837510920 402073362
759731253 361310423
969497803 320131326
111543959 554731792
162998441 942348711
444042382 919137785
503300478 794008550
446686939 40391804
305691747 299011516
163146059 804129227
663849839 915367784
187520566 837727271
448668187 983207699
212442245 833869629
401147359 832709964
944243145 970075529
260654497 272002300
978345391 826102544
503658893 208965792
135879432 45838030
893597005 518387324
972127410 258434503
245332310 791859255
951487784 579764627
109160494 718996318
218141228 752019028
230477399 88288711
89664099 522544995
943367366 767613602
306532977 141395051
989069293 444491132
745334547 51987343
845132598 503118343
865858667 202144196
446644548 517384417
911324654 95135519
23049097 686352446
994778302 384915634
130540684 424291719
383953818 315695950
347583258 963763278
214867777 305424400
725478321 967358692
872078786 166051510
284849005 87106312
384889724 5317400
77372428 5210506
91560208 291108277
198518592 995779689
539846183 427815599
492760764 351914023
49634671 715795549
880317759 89625665
280179632 181900072
748567420 193359550
964590953 30861096
733413193 3704102
839655664 194206192
418477361 654190055
979449296 626173644
445951379 248733366
592188878 460439727
934608918 994181083
137611630 730771521
241387420 794681187
563954161 387387446
324197872 484203806
565840096 507500124
862048936 676274411
550789034 755515972
273635697 61951255
180655678 747810703
571543263 91923479
919989383 201123002
420625371 212134176
599150045 437301217
274018905 795658221
976515336 359615391
838886783 65324894
134067786 527354312
233386999 985907578
37798098 136827714
773250040 465075163
179652778 133621062
237401805 814524459
814325501 254243627
462281459 366934990
631372083 419306328
82493876 779150484
177595095 206991539
543199103 615736734
689124554 203100756
609999452 450234167
970706472 682438087
889115962 229689121
388175932 5802075
990842261 491519550
328926808 461931261
286981460 946659548
445171664 56137222
44878824 200751738
873307241 306746035
705722029 279703680
816351260 712009605
263922965 588726616
725142223 27666788
828642645 808937763
80178647 460446752
85367176 204684015
258879980 832973406
8064502 94362748
299888735 543581475
193276104 939429987
174717733 891188439
43362259 969270848
550636557 865284971
599383848 663177704
522445055 751970268
59731312 102569050
291443180 728010236
298435159 309839330
649195023 849310366
444674363 411742775
773211038 643096155
73656648 688752380
881014097 685839783
746979521 842974535
194041894 805483255
234641486 684240760
585055269 316020222
448803349 526075756
534938030 922802254
149046033 54720131
884254865 69723220
20657623 620821399
228101423 738061931
863418955 995098544
616147810 694940527
746084833 588965329
411256210 244093562
309217547 732416986
309850419 879467387
580167256 792613523
339767171 506176141
184069255 868072787
641222062 675781667
761902102 974396015
390638475 785714355
553230308 369626967
356747421 892411618
337507320 439341613
170258270 442412337
380375824 553772080
935117957 138086838
880038348 76789040
308915897 997350730
879286110 307135569
830797625 115769079
421373900 217902706
31234073 980238324
10641157 732113028
197417237 37117699
711378980 362435144
773020708 55866966
385970821 313771891
516560000 471636019
239240286 76115784
980784912 296833577
466562469 765372762
635809159 522538141
325620001 171521046
894743920 385290302
255146624 96889966
322912934 855249561
139118796 621918656
807229330 531241730
434740909 616868697
173837707 685743566
552240227 304961456
773897065 851169479
601973559 479445030
500448598 8243659
615912511 232131814
464105587 674194066
501845047 99604216
553296785 198823093
20392845 786692405
513686865 391885498
609776541 107016835
781815462 127733679
312014068 477464755
203499958 801773777
623336553 316698658
71106257 410229787
677765628 675031252
369961501 179131915
544206004 647015161
219586042 521653393
548167504 453736427
29176145 92337549
491433122 853078496
349656654 64967631
103556223 577053971
231020394 998488124
194136791 25537967
750210049 108270159
423253654 472575876
956681552 427887022
266375463 30573805
390714873 65092302
932058984 858861825
623798104 882130968
208478397 453797580
968655304 927415264
662906646 55063464
579757204 781700870
571366076 893437667
168953904 704872390
828635380 420842887
280183544 512208645
320705996 735246679
23165719 47694710
64667951 591516701
857117732 990618652
370820174 707436547
674115635 92674174
200262833 467824972
637401545 945945667
738148058 399207725
175884738 531624975
882438390 911475081
855306169 474421403
690031538 59070049
