["*", [894742, 12426, 70], 0, [8, 6, 9, 1], [99408, 8, 99416]]
["*", [894742, 44737, 2], 1, [5, 6, 4, 3], [671055, 3, 671058]]
["*", [894742, 63910, 2], 2, [2, 4, 7, 9], [1150380, 4, 1150384]]
["*", [894742, 14202, 16], 3, [7, 8, 9, 1], [99414, 2, 99416]]
["*", [894742, 127820, 2], 4, [7, 9, 1, 6], [1150380, 12, 1150392]] * + 6
["*", [894742, 24853, 34], 5, [4, 8, 9, 1], [99412, 4, 99416]]
["*", [894742, 55921, 6], 6, [2, 2, 8, 9], [894736, 6, 894742]]
["*", [894742, 447371, 0], 7, [1, 6, 2, 6], [2684226, 0, 2684226]]
["*", [894742, 74561, 10], 8, [4, 2, 3, 4], [447366, 8, 447374]]
["*", [894742, 29824, 22], 9, [6, 6, 5, 2], [357888, 10, 357898]]
[[894740, 894742, 894742], 7654322, 7654321, false] # + 6

w = 894742
w0 = 127820
w1 = 2
a = 7
p = 9
b = 1
q = 6

s0 = 127820 * 1 * 9 = 1150380
s1 : (b: 1, q: 6) * 2 = 12 ではなく
s1 : (b: 7, q: 9) * 1 = 9 のはず


["*", [894741, 12426, 69], 0, [8, 6, 9, 1], [99408, 8, 99416]]
["*", [894741, 44737, 1], 1, [5, 6, 4, 3], [671055, 3, 671058]]
["*", [894741, 63910, 1], 2, [2, 4, 7, 9], [1150380, 4, 1150384]]
["*", [894741, 14202, 15], 3, [7, 8, 9, 1], [99414, 2, 99416]]
["*", [894741, 127820, 1], 4, [7, 9, 1, 6], [1150380, 6, 1150386]] *
["*", [894741, 24853, 33], 5, [4, 8, 9, 1], [99412, 4, 99416]]
["*", [894741, 55921, 5], 6, [2, 2, 8, 9], [894736, 6, 894742]]
["*", [894741, 447370, 1], 7, [1, 6, 2, 6], [2684220, 6, 2684226]]
["*", [894741, 74561, 9], 8, [4, 2, 3, 4], [447366, 8, 447374]]
["*", [894741, 29824, 21], 9, [6, 6, 5, 2], [357888, 10, 357898]]
[[894741, 894742, 894741], 7654316, 7654321, true]

w = 894742
w0 = 127820
w1 = 1
a = 7
p = 9
b = 1
q = 6

s0 = 127820 * 1 * 9 = 1150380
s1 : (b: 1, q: 6) * 1 = 6

