2954
2298
49
1069
3488
2448
388
2234
670
1527
2657
2808
1
107
161
2100
4
9403
4260
568
431
3845
605
58
1735
69
2530
915
2521
1679
486
877
810
4488
345
785
109
32
410
2133
372
3608
373
1050
700
251
3323
2769
1863
230
516
119
750
3122
96
2796
2340
5993
384
1517
3343
11111
400
2759
1445
5431
1495
2571
2784
3541
627
1894
1172
758
4473
1173
2780
161
182
641
2044
786
905
2556
613
5015
394
2519
3380
424
2771
705
238
422
1314
520
323
770
1161
1771
2187
4053
3763
267
762
1452
155
5861
305
789
5
3391
146
925
591
6
802
541
582
3059
1451
1937
4247
1466
1390
353
3747
1966
771
2253
596
224
1022
1650
152
2313
6
1079
164
550
4045
416
3225
248
322
874
4610
1604
5425
3549
971
136
1091
327
239
1274
1032
1313
1216
1496
344
1159
1596
221
1026
152
1690
1260
159
905
3495
1685
508
16358
3128
1267
5897
480
912
165
3534
909
727
1026
1157
1876
66
2103
3171
222
1267
339
558
883
95
1257
844
1647
1444
311
116
1384
513
1385
1799
2368
1639
233
339
1099
1483
886
729
63
1473
662
1287
1352
8196
3626
10232
2625
2091
1307
1189
627
495
520
181
560
414
369
5699
3756
1741
1148
2731
524
863
2534
2424
2986
297
8437
244
2772
2047
2703
1259
1174
630
1452
1714
916
25
5237
2763
112
1519
368
547
500
2085
762
1103
1100
2193
1011
6241
1410
1203
97
166
593
3094
2766
2110
344
980
311
704
1330
5838
1298
587
1367
1913
1005
3038
2218
1606
1032
368
661
425
1675
60
4001
952
1890
3178
2209
4549
1503
1410
2163
78
1297
197
1203
639
648
931
1158
1685
316
1904
957
674
329
190
451
1020
380
8
1075
138
1620
321
6755
891
245
92
2931
2409
3086
275
3680
829
8
344
359
3263
965
269
3461
5511
989
69
79
1130
2114
1328
1912
423
345
1588
416
3859
176
205
615
1429
3048
126
354
266
2314
547
643
1522
1367
809
2401
437
434
1975
2618
2289
12228
217
3555
2935
305
273
859
7
1918
4214
2398
3329
546
2114
622
3128
1029
3440
83
141
1813
6071
121
50
3586
235
3391
782
2338
2488
1602
12
1122
2506
2830
332
2952
863
2184
1099
1544
427
430
550
931
4094
583
4768
1777
1529
254
3375
6676
1395
786
157
107
4247
4096
1357
641
382
1844
10040
918
1642
3544
3572
233
3129
589
653
3023
4397
400
1459
501
56
5446
2676
773
1531
3546
2238
299
2753
173
8295
71
1921
1480
2518
477
1526
4341
2108
437
866
3359
508
3478
421
2082
731
2674
69
2465
576
37
383
259
900
2189
486
207
2870
1235
4126
1846
2936
1355
220
1321
1012
2653
3213
669
261
1046
1191
911
573
154
187
1214
343
750
99
926
3401
2525
232
447
3
187
157
61
1802
338
5249
1250
1174
66
493
40
3049
125
474
352
874
2946
8496
334
2667
1880
2274
355
2243
3654
946
1393
321
1404
139
386
28
666
2287
3642
953
764
1075
1175
620
2432
1607
154
1031
639
120
4192
218
1263
3447
1743
122
665
650
1096
82
380
953
2664
6787
3897
1789
14
765
1757
821
425
143
1078
1282
1981
188
499
401
1477
558
415
5191
429
280
2924
7576
4407
3534
2854
3271
8
847
998
1111
3234
551
837
364
462
649
2542
234
3092
3537
2098
349
251
545
1402
1324
1812
3652
1788
484
334
2164
2786
128
1389
7787
1161
942
1433
1156
3387
3466
2840
210
358
1640
37
1264
1526
859
3409
85
122
1364
1523
1317
96
1227
3898
2210
153
1253
830
1113
1000
1565
3345
3085
1277
214
762
1395
319
1285
632
9952
3994
198
1705
1486
238
617
240
1260
3297
169
1996
4453
545
415
4573
1465
2206
384
333
1177
1428
2455
824
4
866
947
194
1428
991
277
983
395
54
2070
960
1028
2373
2207
3504
1033
13
1838
172
498
786
4415
1727
1549
2762
915
3835
787
421
2453
290
5398
1611
599
1333
623
908
936
1980
159
958
1196
1167
2827
796
2330
1347
592
1839
7086
1057
191
907
1715
658
97
830
2277
144
1008
1721
2774
3001
634
135
13
2859
2229
5387
3582
841
935
181
1858
7633
3440
2368
264
1703
801
14
326
1705
503
3006
931
335
420
26
1834
171
1178
3900
5318
2456
296
1429
298
4917
344
4152
5024
1556
506
24
3521
773
1295
1705
449
43
3378
1418
1005
2501
1183
419
587
4016
245
1657
441
903
846
1867
3021
3786
1332
1458
1390
63
1252
1443
205
1761
84
4073
4124
1153
3232
8
3701
1398
499
1472
262
684
716
1668
2254
1466
2150
246
513
1877
6270
657
480
81
225
4266
1176
921
1535
754
1429
1916
679
1947
4850
3427
2002
1317
814
1162
2545
1333
2581
442
3564
1683
676
976
2974
1012
1010
360
6413
257
839
1952
1419
1244
2496
306
39
2085
1067
4
2037
832
1746
1257
6347
1010
2612
1872
502
101
633
2553
1798
726
2948
91
1457
2338
3542
2718
1340
446
1900
137
4720
577
929
1755
813
3300
486
487
7678
2589
2292
839
73
601
1859
391
2268
263
764
857
753
1577
173
687
1070
10
102
1128
1222
401
1751
1469
2044
1205
2304
244
605
1480
407
360
899
1725
3902
3258
1192
4034
724
651
1932
286
1114
102
444
706
1073
1875
5912
44
1300
1837
1916
3072
798
50
1705
8
2607
220
1403
184
1751
73
1055
654
1363
758
770
4819
208
7701
2691
56
378
2331
1327
881
4753
169
366
826
617
1426
804
314
2101
4081
1653
917
2321
2279
750
1483
54
824
1860
2733
2662
1147
1785
3717
684
134
2358
1317
1284
1001
1287
5870
1021
1170
1263
1511
3496
2669
4201
381
2122
63
306
478
5233
2383
951
177
601
603
1832
196
61
5726
1766
1831
652
1486
2005
874
1065
240
256
226
993
968
4333
583
2900
196
3363
1494
762
985
1433
1042
1034
27
3882
2031
100
708
1156
2652
361
330
3387
615
634
205
3798
378
196
382
1885
83
48
154
725
597
1151
2480
1315
1837
1628
255
1204
605
416
511
1125
509
2954
67
1323
3057
2597
902
5382
7408
169
2267
3477
2884
514
1048
684
709
203
739
2062
2879
245
236
1156
1347
1468
1498
2746
919
869
3186
1184
10934
355
3020
1092
412
69
3165
451
459
1737
5067
1364
395
530
2530
596
1753
1671
986
478
4151
2566
1478
646
677
1291
101
1313
3036
8867
1895
217
559
169
1852
628
1608
727
1390
96
1457
803
975
1835
633
410
4075
695
2629
8327
2674
1562
688
2782
1779
623
655
1978
70
235
491
2571
507
1110
1103
1833
267
305
321
1954
3936
432
454
3341
1352
93
1467
896
8531
1383
1257
216
3092
553
2204
2753
3071
4522
1810
100
4042
1267
1494
444
841
2461
146
1760
3513
1758
6336
726
385
78
1690
683
45
676
567
885
437
77
224
4878
1085
2666
2064
708
3734
341
3155
674
3462
1489
2814
366
2573
2484
1619
669
4285
1072
4118
585
2309
1111
720
461
3853
90
2858
1134
2876
1597
839
665
1278
815
1950
930
278
615
236
405
568
3217
1603
5914
560
694
1593
137
1048
69
6733
927
726
2631
710
1775
489
890
2625
967
1922
794
2181
137
175
548
1261
2916
1227
113
2576
1267
599
615
1614
1194
497
37
516
383
359
1005
4241
2050
330
158
3027
1828
997
958
233
2232
2296
277
2024
1937
303
1700
6186
814
5558
1875
482
154
3494
2449
57
3518
180
832
1346
1095
6220
4339
1177
5523
139
416
3509
457
211
2336
2517
7926
3638
1394
852
545
2338
301
140
535
2516
544
55
1538
1775
1334
5572
842
570
1656
533
498
2270
419
1089
5864
1589
1024
3890
367
1893
3506
3469
582
1858
798
1970
2151
150
1845
911
2620
447
2133
1046
472
126
4038
2788
351
385
820
2185
2994
233
667
450
329
1097
5371
668
4210
3446
8124
1419
562
381
421
909
2652
1995
2012
1597
267
1420
215
365
2196
84
4013
550
429
1848
1669
1460
4577
114
208
3103
761
498
5498
443
44
502
1632
895
196
2429
798
5644
7144
5452
3839
2447
948
324
834
1490
4219
158
4512
205
516
2172
1246
1546
3224
931
566
5328
974
1216
0
787
3305
1596
517
758
989
278
82
48
2756
172
2252
205
811
4184
4345
482
229
1351
2391
399
516
3838
189
25
91
1793
5537
3739
1546
2721
1830
986
789
3053
1054
1047
90
241
505
2238
897
2295
1987
1430
1099
1633
2235
4013
1675
2893
4076
1416
3455
1315
131
1839
3676
2769
1332
929
93
1721
2549
516
679
4472
1848
1402
1224
853
879
3071
127
776
5266
4994
2053
70
24
97
147
1625
350
1102
2079
289
425
805
2818
1718
377
191
2754
3486
4791
3427
1440
1311
5018
2623
280
1193
2013
914
1560
515
100
208
1350
1418
5589
1159
4062
62
3643
1844
190
1323
1151
80
2908
505
4494
40
409
379
2604
2194
2407
596
1742
2020
1158
1412
225
2981
950
1178
2107
193
34
137
5540
2596
475
999
4139
826
2091
682
6055
206
2650
1091
849
2214
58
2730
4041
2674
1366
1883
3380
2024
2153
413
285
176
871
1366
2422
176
148
840
1042
2342
1942
550
218
1618
234
296
2377
1922
283
1266
1276
2551
4676
1400
941
2182
3638
3810
1734
67
216
937
656
1068
1460
203
2861
940
4505
851
4649
1394
138
2772
4094
1083
35
249
2994
927
3027
437
104
984
844
2369
3764
2277
851
971
1871
269
3286
13
8694
492
6433
727
115
405
530
1047
3019
1011
749
184
190
1389
1145
1634
906
165
732
2760
529
2470
21
1203
327
4891
703
1154
2128
1257
1320
1014
640
577
409
1223
2989
1452
257
1830
495
1829
599
230
2887
806
2760
779
1246
788
44
2150
255
193
107
1819
1957
1387
147
7986
1325
235
1038
2712
3337
79
121
2112
760
3344
135
2400
675
6488
1534
1274
341
2732
245
405
2248
584
471
868
44